1.82562e+006 575546 1418
1.80649e+006 575686 211
1.82968e+006 554081 2006
1.8282e+006 565625 2900
1.79653e+006 600260 2109
1.79653e+006 600260 2109
1.80287e+006 577089 411
1.81071e+006 591431 198
1.81187e+006 575020 -109
1.82878e+006 555495 2325
1.812e+006 572060 817
1.8076e+006 572174 859
1.80832e+006 580191 333
1.80804e+006 580089 265
1.80198e+006 589299 156
1.80478e+006 579237 592
1.8316e+006 562410 2562.97
1.86625e+006 523369 404
1.86879e+006 530360 795
1.86063e+006 551198 1161
1.85133e+006 543009 1330
1.87229e+006 534751 1321
1.86799e+006 543328 1681
1.86549e+006 549458 367
1.85162e+006 531050 762
1.85494e+006 545579 1775
1.88442e+006 524661 1243
1.84484e+006 546453 1192
1.83122e+006 551437 1344
1.83122e+006 551437 1344
