        1805609       595330.3            -81
        1828203         565625            -73
        1825278       579493.7            -37
        1807583         592620            -25
        1816012       585919.6             16
        1832159         563327       44.96082
        1818110         582282             88
        1831895         561407       372.7745
        1847329         553910            400
        1829314         571290            427
        1841759         530969           -413
        1866065         548595           -391
        1866247         523369           -373
        1864635         557787           -361
        1865490         549458           -328
        1802871         577089           -196
        1806492       575685.8           -145
        1849063       551349.9           -109
        1873421         522911             55
        1868792         530360             78
        1814390         568257            172
        1849137         524101            238
        1804780         579237            260
        1812214         570714            335
        1838984         565945            348
        1844498         553706            389
        1847329         553910            400
        1884418         524660            400
        1811998         572060            470
        1828404         573760            567
        1807603         572174            615
        1836968         553498            656
        1872291         534751            680
        1849123         549173            964
