        1811867         575020           -414
        1826494         572521           -404
        1813601         574084           -318
        1821049         578585           -246
        1827663         571337           -234
        1801980         589298           -228
        1824099         576033           -183
        1831218         551437           -137
        1828781         555495            -83
        1828096         571470            -76
        1800515         598497            -61
        1796675       605877.6            -28
        1844498         553706            -10
        1829363         556708             -2
        1849063       551349.9             80
        1810315         592091             83
        1828997         571261            122
        1810575         579190            138
        1829474         569761            174
        1814390         568257            207
        1865490         549458            217
        1849137         524101            238
        1817344       571333.7            243
        1805779         596289            280
        1847583         565911            311
        1863324         550036            332
        1812214         570714            335
        1851615       531049.8            357
        1805609         595330            461
        1811998         572060            470
        1829314         571290            537
        1796533         600260            563
        1828404         573760            567
        1827663         571337            610
        1807603         572174            615
        1873421         522911            655
        1836968         553498            656
        1828096         571470            662
        1872291         534751           1105
        1835131         561062       1202.528
        1828203         565625           1499
        1817973         567215           -344
        1831218       551436.9           -149
        1805609       595330.3            -30
        1821909       564202.8            -11
        1816012       585919.6             61
        1806044       592583.6            225
        1835179         561055       333.9545
        1838543       562521.8            543
        1831852         561536       634.0861
        1850465         555457            807
        1844844       546452.7            872
        1832157         563334       1040.547
        1869320       537085.9           1201
        1867988       543327.5           1559
