        1816570         577164             81
        1801980         589298            102
        1818768         583006            139
        1808318       580190.6            165
        1821861         576451            208
        1785862       607602.1            291
        1828781         555495            439
        1828781         555495            588
        1821049       578585.1            638
        1851615       531049.8            695
        1831218         551437            720
        1810458         586087            769
        1828997         571261            770
        1831218       551436.9            796
        1849063       551349.9            891
        1829363         556708            893
        1826494         572521            937
        1806044       592583.6            969
        1821049         578585           1034
        1847329         553910           1054
        1850465         555457           1055
        1810458       586087.2           1059
        1844844       546452.7           1161
        1844498         553706           1179
        1790869       606416.4           1187
        1790778       608665.3           1212
        1851325       543008.8           1305
        1836968         553498           1317
        1828096         571470           1585
        1835205         561092         1637.6
        1827663         571337           1692
        1796533       600259.5           1737
        1828781         555495           1871
        1796533         600260           1950
        1831602         562479       2481.412
        1828203         565625           2580
        1828203       565625.1           2635
