        1811867         575020           -109
        1811867       575020.3            -12
        1801980         589298            156
        1810707         591431            198
        1806492       575685.8            211
        1808035         580089            265
        1808318         580191            333
        1865490         549458            367
        1866247         523369            404
        1802871         577089            411
        1804780         579237            592
        1808318       580190.6            699
        1851615       531049.8            762
        1868792         530360            795
        1811998         572060            817
        1807603         572174            859
        1873421         522911           1073
        1860625         551198           1161
        1844844       546452.7           1192
        1884418         524660           1243
        1872291         534751           1321
        1851325       543008.8           1330
        1831218         551437           1344
        1825615         575546           1418
        1831218       551436.9           1649
        1867988         543328           1681
        1854938         545579           1775
        1829676         554081           2006
        1796533       600259.5           2097
        1796533         600260           2109
        1828781         555495           2325
        1828781         555495           2462
        1831608         562518       2562.973
        1828203         565625           2900
