1.85162e+006 531050 -15
1.8488e+006 536701 -24
1.85133e+006 543009 318
1.84484e+006 546453 201
1.84906e+006 551350 -69
1.8445e+006 553706 -4
1.84033e+006 561712 167
1.83854e+006 562522 205
1.83674e+006 564159 128
1.83269e+006 569673 131
1.8308e+006 572445 144
1.82993e+006 574040 61
1.82702e+006 577928 50
1.82528e+006 579494 9
1.82369e+006 581202 -8
1.80505e+006 598523 -14
1.79845e+006 606146 327
1.79695e+006 607884 388
1.79472e+006 608888 479
1.79334e+006 611762 530
1.79234e+006 613890 335
1.83668e+006 570771 116
1.8388e+006 570622 27
1.84305e+006 571374 -235
1.82214e+006 580795 -190
1.79668e+006 605878 -138
1.79773e+006 605995 -37
1.84912e+006 549173 417
1.85494e+006 545579 584
1.86799e+006 543328 505
1.85047e+006 555457 146
1.86063e+006 551198 -63
1.86359e+006 545989 423
1.86932e+006 537086 396
1.86895e+006 528912 -205
1.79078e+006 608665 -199
