1.8445e+006 553706 999
1.81046e+006 586087 800
1.8176e+006 574356 961
1.8282e+006 565625 2900
1.80017e+006 600257 1148
1.83674e+006 564159 899
1.82105e+006 578585 525
1.80604e+006 592584 1136
1.79078e+006 608665 495
1.80561e+006 595330 815
1.82536e+006 561371 2799
1.82186e+006 576451 418
1.82878e+006 555495 362
1.83854e+006 562522 1067
1.83207e+006 555125 2091.6
1.8316e+006 562410 2562.97
1.8352e+006 561084 1649.58
1.86625e+006 523369 404
1.84906e+006 551350 805
1.8488e+006 536701 818
1.86879e+006 530360 795
1.86063e+006 551198 1223
1.85133e+006 543009 1260
1.86799e+006 543328 1803
1.86359e+006 545989 1676
1.85162e+006 531050 622
1.84912e+006 549173 1450
1.85494e+006 545579 1669
1.88442e+006 524661 1243
1.86895e+006 528912 560
1.84484e+006 546453 1119
1.83122e+006 551437 1344
1.86932e+006 537086 1316
