1.8284e+006 573760 567
1.829e+006 571261 122
1.82931e+006 571290 537
1.82947e+006 569761 -2
1.81032e+006 592091 83
1.81071e+006 591431 138
1.79668e+006 605878 -28
1.8445e+006 553706 -10
1.85047e+006 555457 807
1.83697e+006 553498 656
1.8176e+006 574356 -462
1.82936e+006 556708 174
1.8282e+006 565625 1499
1.8241e+006 576033 -183
1.82105e+006 578585 -246
1.82649e+006 572521 -404
1.82766e+006 571337 -234
1.8281e+006 571470 -76
1.80604e+006 592584 225
1.80578e+006 596289 280
1.80561e+006 595330 461
1.82536e+006 561371 -313
1.82878e+006 555495 -83
1.80052e+006 598497 -61
1.83517e+006 561064 1202.53
1.84906e+006 551350 80
1.86332e+006 550036 332
1.87229e+006 534751 1105
1.86799e+006 543328 1559
1.86549e+006 549458 217
1.85162e+006 531050 357
1.86895e+006 528912 -71
1.83122e+006 551437 -137
