1.82394e+006 578406 -84
1.82993e+006 574040 271
1.81032e+006 592091 -21
1.79668e+006 605878 -4
1.79845e+006 606146 663
1.82214e+006 580795 -145
1.8445e+006 553706 100
1.85047e+006 555457 664
1.83697e+006 553498 656
1.7919e+006 608336 106
1.81046e+006 586087 2
1.79234e+006 613890 619
1.79334e+006 611762 758
1.84733e+006 553910 400
1.79695e+006 607884 717
1.82936e+006 556708 174
1.79472e+006 608888 687
1.82562e+006 575546 231
1.8282e+006 565625 -73
1.83898e+006 565945 411
1.83674e+006 564159 332
1.84305e+006 571374 183
1.8241e+006 576033 -183
1.80604e+006 592584 77
1.81601e+006 585920 37
1.79078e+006 608665 -99
1.82528e+006 579494 131
1.84033e+006 561712 396
1.82536e+006 561371 -499
1.82878e+006 555495 -83
1.82369e+006 581202 102
1.82702e+006 577928 266
1.80052e+006 598497 -61
1.81533e+006 585693 274
1.8388e+006 570622 271
1.83668e+006 570771 290
1.83269e+006 569673 268
1.83854e+006 562522 421
1.83517e+006 561064 1202.53
1.86625e+006 523369 -147
1.84906e+006 551350 260
1.8488e+006 536701 549
1.86607e+006 548595 13
1.86879e+006 530360 506
1.86063e+006 551198 674
1.85133e+006 543009 906
1.87229e+006 534751 1105
1.86799e+006 543328 1428
1.86549e+006 549458 138
1.86359e+006 545989 1204
1.85162e+006 531050 357
1.84912e+006 549173 964
1.85494e+006 545579 1276
1.86895e+006 528912 365
1.84484e+006 546453 549
1.83122e+006 551437 -137
1.86932e+006 537086 1158
1.79773e+006 605995 97
1.80505e+006 598523 98
1.8308e+006 572445 315
