1.82394e+006 578406 -191
1.82993e+006 574040 -137
1.81032e+006 592091 -149
1.79668e+006 605878 -470
1.79845e+006 606146 -200
1.82214e+006 580795 -230
1.8445e+006 553706 -254
1.85047e+006 555457 -314
1.79234e+006 613890 -116
1.79334e+006 611762 -86
1.84733e+006 553910 -385
1.79695e+006 607884 -121
1.79472e+006 608888 -115
1.83898e+006 565945 -292
1.80378e+006 603551 -100
1.83674e+006 564159 -259
1.84305e+006 571374 -363
1.79078e+006 608665 -297
1.82528e+006 579494 -159
1.84033e+006 561712 -238
1.82369e+006 581202 -160
1.82702e+006 577928 -130
1.8388e+006 570622 -308
1.83668e+006 570771 -326
1.83269e+006 569673 -195
1.83854e+006 562522 -219
1.83195e+006 561217 -199
1.83519e+006 561056 -172
1.83217e+006 563335 -312
1.83518e+006 561063 -173
1.84906e+006 551350 -484
1.8488e+006 536701 -237
1.86879e+006 530360 -446
1.86063e+006 551198 -432
1.85133e+006 543009 -240
1.86799e+006 543328 -422
1.86359e+006 545989 -360
1.85162e+006 531050 -274
1.84912e+006 549173 -284
1.85494e+006 545579 -282
1.86895e+006 528912 -437
1.84484e+006 546453 -256
1.86932e+006 537086 -293
1.79773e+006 605995 -296
1.80505e+006 598523 -182
1.8308e+006 572445 -139
