1.80758e+006 592620 395
1.81032e+006 592091 202
1.81071e+006 591431 200
1.8445e+006 553706 1026
1.81386e+006 583116 269
1.8256e+006 570981 589
1.85047e+006 555457 1030
1.83697e+006 553498 1245
1.81046e+006 586087 629
1.81811e+006 582282 356
1.81612e+006 583890 121
1.84733e+006 553910 901
1.82936e+006 556708 1285
1.82968e+006 554081 593
1.81657e+006 577164 -227
1.82562e+006 575546 387
1.8282e+006 565625 2370
1.8241e+006 576033 122
1.82105e+006 578585 120
1.82649e+006 572521 351
1.82766e+006 571337 318
1.8281e+006 571470 354
1.80604e+006 592584 511
1.79078e+006 608665 581
1.80578e+006 596289 597
1.80561e+006 595330 702
1.82536e+006 561371 2702
1.82186e+006 576451 71
1.80052e+006 598497 1689
1.83854e+006 562522 900
1.83164e+006 562215 2175.04
1.8352e+006 561083 1496.87
1.83207e+006 563315 1676.3
1.83453e+006 561021 1810.7
1.84906e+006 551350 753
1.86332e+006 550036 490
1.85133e+006 543009 1177
1.85189e+006 549214 893
1.86799e+006 543328 1666
1.86549e+006 549458 308
1.85162e+006 531050 525
1.86895e+006 528912 523
1.84484e+006 546453 1024
1.83122e+006 551437 432
1.86932e+006 537086 1292
1.81184e+006 585236 425
