1146813.448736,848755.010041,-6850.143334
1147812.255834,848748.245959,-7019.479528
1144822.604811,849768.259099,-6683.403500
1145821.411908,849761.495017,-6785.506431
1146820.219006,849754.730935,-6929.851766
1147819.026104,849747.966852,-7138.451810
1143830.567983,850774.744074,-6701.868814
1144829.375081,850767.979992,-6759.515985
1145828.182179,850761.215910,-6898.372815
1146826.989277,850754.451828,-7077.257471
1147825.796375,850747.687746,-7293.041481
1148824.603473,850740.923664,-7543.059274
1143837.338254,851774.464967,-6902.936757
1144836.145352,851767.700885,-6950.001152
1145834.952449,851760.936803,-7082.027359
1146833.759547,851754.172721,-7255.344787
1147832.566645,851747.408639,-7452.548294
1148831.373743,851740.644557,-7664.831100
1149830.180841,851733.880475,-7879.554691
1142845.301426,852780.949943,-7200.909203
1143844.108524,852774.185861,-7135.635028
1144842.915622,852767.421779,-7177.945507
1145841.722720,852760.657696,-7290.129214
1146840.529818,852753.893614,-7437.775234
1147839.336916,852747.129532,-7601.225130
1148838.144014,852740.365450,-7771.138819
1149836.951112,852733.601368,-7942.229389
1150835.758210,852726.837286,-8111.236186
1142852.071697,853780.670836,-7404.902781
1143850.878795,853773.906754,-7368.546973
1144849.685893,853767.142672,-7407.969157
1145848.492990,853760.378590,-7497.756960
1146847.300088,853753.614508,-7612.145594
1147846.107186,853746.850425,-7734.516459
1148844.914284,853740.086343,-7858.503679
1149843.721382,853733.322261,-7985.400124
1150842.528480,853726.558179,-8119.796922
1151841.335578,853719.794097,-8261.949212
1141860.034869,854787.155811,-7682.618784
1142858.841967,854780.391729,-7606.076443
1143857.649065,854773.627647,-7592.709853
1144856.456163,854766.863565,-7630.304552
1145855.263261,854760.099483,-7698.857051
1146854.070359,854753.335401,-7778.784816
1147852.877457,854746.571319,-7857.681093
1148851.684555,854739.807236,-7933.503772
1149850.491653,854733.043154,-8014.621336
1150849.298751,854726.279072,-8115.743583
1151848.105848,854719.514990,-8242.717546
1152846.912946,854712.750908,-8379.582280
1141866.805140,855786.876705,-7839.037188
1142865.612238,855780.112622,-7802.867641
1143864.419336,855773.348540,-7810.633693
1144863.226434,855766.584458,-7848.163039
1145862.033531,855759.820376,-7898.639186
1146860.840629,855753.056294,-7946.888784
1147859.647727,855746.292212,-7984.223927
1148858.454825,855739.528130,-8012.133510
1149857.261923,855732.764048,-8045.093424
1150856.069021,855725.999965,-8112.452686
1151854.876119,855719.235883,-8231.673456
1152853.683217,855712.471801,-8368.142892
1153852.490315,855705.707719,-8500.671919
1140874.768312,856793.361680,-8035.920231
1141873.575410,856786.597598,-7999.164670
1142872.382508,856779.833516,-8001.858485
1143871.189606,856773.069434,-8030.065389
1144869.996704,856766.305351,-8069.751069
1145868.803802,856759.541269,-8106.882513
1146867.610900,856752.777187,-8129.900088
1147866.417998,856746.013105,-8133.138847
1148865.225096,856739.249023,-8119.773848
1149864.032194,856732.484941,-8104.715281
1150862.839292,856725.720859,-8134.886237
1151861.646389,856718.956777,-8254.638049
1152860.453487,856712.192694,-8387.601953
1153859.260585,856705.428612,-8514.958683
1154858.067683,856698.664530,-8628.226119
1140881.538583,857793.082573,-8162.686894
1141880.345681,857786.318491,-8175.949211
1142879.152779,857779.554409,-8212.774816
1143877.959877,857772.790327,-8259.588947
1144876.766975,857766.026245,-8303.677338
1145875.574072,857759.262163,-8333.321083
1146874.381170,857752.498080,-8340.127679
1147873.188268,857745.733998,-8322.273083
1148871.995366,857738.969916,-8287.171986
1149870.802464,857732.205834,-8254.086475
1150869.609562,857725.441752,-8264.082991
1151868.416660,857718.677670,-8348.530784
1152867.223758,857711.913588,-8454.290585
1153866.030856,857705.149506,-8560.691972
1154864.837954,857698.385423,-8658.120204
1155863.645052,857691.621341,-8742.786812
1139889.501755,858799.567549,-8341.175472
1140888.308853,858792.803466,-8340.902234
1141887.115951,858786.039384,-8382.638561
1142885.923049,858779.275302,-8443.238542
1143884.730147,858772.511220,-8506.284136
1144883.537245,858765.747138,-8557.758286
1145882.344343,858758.983056,-8585.739287
1146881.151441,858752.218974,-8583.573864
1147879.958539,858745.454892,-8553.530307
1148878.765637,858738.690809,-8507.324256
1149877.572735,858731.926727,-8465.734431
1150876.379833,858725.162645,-8456.740591
1151875.186930,858718.398563,-8495.285993
1152873.994028,858711.634481,-8559.280095
1153872.801126,858704.870399,-8631.538051
1154871.608224,858698.106317,-8702.244472
1155870.415322,858691.342234,-8766.822836
1156869.222420,858684.578152,-8823.876346
1139896.272026,859799.288442,-8528.529255
1140895.079124,859792.524360,-8548.805943
1141893.886222,859785.760278,-8610.840491
1142892.693320,859778.996195,-8692.555959
1143891.500418,859772.232113,-8774.921290
1144890.307516,859765.468031,-8839.846142
1145889.114613,859758.703949,-8871.375970
1146887.921711,859751.939867,-8862.561962
1147886.728809,859745.175785,-8820.368964
1148885.535907,859738.411703,-8760.476934
1149884.343005,859731.647620,-8702.858190
1150883.150103,859724.883538,-8667.205309
1151881.957201,859718.119456,-8662.674546
1152880.764299,859711.355374,-8681.133338
1153879.571397,859704.591292,-8712.113773
1154878.378495,859697.827210,-8748.019922
1155877.185593,859691.063128,-8784.721992
1156875.992691,859684.299046,-8820.881525
1157874.799788,859677.534963,-8856.679748
1139903.042296,860799.009335,-8705.575460
1140901.849394,860792.245253,-8755.213544
1141900.656492,860785.481171,-8844.286827
1142899.463590,860778.717089,-8955.409222
1143898.270688,860771.953006,-9067.883166
1144897.077786,860765.188924,-9156.651172
1145895.884884,860758.424842,-9196.343971
1146894.691982,860751.660760,-9177.017131
1147893.499080,860744.896678,-9114.343152
1148892.306178,860738.132596,-9030.592117
1149891.113276,860731.368514,-8946.171451
1150889.920374,860724.604432,-8876.404626
1151888.727471,860717.840349,-8828.204482
1152887.534569,860711.076267,-8799.456563
1153886.341667,860704.312185,-8784.949250
1154885.148765,860697.548103,-8780.060983
1155883.955863,860690.784021,-8782.384126
1156882.762961,860684.019939,-8791.851781
1157881.570059,860677.255857,-8809.108361
1158880.377157,860670.491775,-8833.382642
1139909.812567,861798.730228,-8856.788057
1140908.619665,861791.966146,-8942.092564
1141907.426763,861785.202064,-9068.371738
1142906.233861,861778.437982,-9221.710541
1143905.040959,861771.673900,-9379.346107
1144903.848057,861764.909818,-9506.185765
1145902.655154,861758.145735,-9558.664605
1146901.462252,861751.381653,-9518.076137
1147900.269350,861744.617571,-9421.093545
1148899.076448,861737.853489,-9301.248634
1149897.883546,861731.089407,-9180.154108
1150896.690644,861724.325325,-9069.890823
1151895.497742,861717.561243,-8975.625110
1152894.304840,861710.797161,-8897.733899
1153893.111938,861704.033078,-8834.415749
1154891.919036,861697.268996,-8783.979997
1155890.726134,861690.504914,-8746.752617
1156889.533232,861683.740832,-8725.019483
1157888.340329,861676.976750,-8720.489136
1158887.147427,861670.212668,-8732.076095
1159885.954525,861663.448586,-8755.964561
1138917.775740,862805.215204,-8900.386110
1139916.582837,862798.451121,-8973.626079
1140915.389935,862791.687039,-9096.230833
1141914.197033,862784.922957,-9265.332081
1142913.004131,862778.158875,-9469.067563
1143911.811229,862771.394793,-9683.522404
1144910.618327,862764.630711,-9864.286525
1145909.425425,862757.866629,-9936.425197
1146908.232523,862751.102547,-9856.458554
1147907.039621,862744.338464,-9712.869079
1148905.846719,862737.574382,-9550.360143
1149904.653817,862730.810300,-9388.312015
1150903.460915,862724.046218,-9234.609265
1151902.268012,862717.282136,-9092.719483
1152901.075110,862710.518054,-8964.252807
1153899.882208,862703.753972,-8849.745977
1154898.689306,862696.989890,-8750.440106
1155897.496404,862690.225807,-8670.261653
1156896.303502,862683.461725,-8614.707742
1157895.110600,862676.697643,-8587.015930
1158893.917698,862669.933561,-8585.864711
1159892.724796,862663.169479,-8605.721105
1160891.531894,862656.405397,-8637.367606
1138924.546010,863804.936097,-8949.550652
1139923.353108,863798.172015,-9049.268757
1140922.160206,863791.407933,-9203.984253
1141920.967304,863784.643850,-9411.132846
1142919.774402,863777.879768,-9659.130351
1143918.581500,863771.115686,-9925.123323
1144917.388598,863764.351604,-10167.792620
1145916.195695,863757.587522,-10272.125376
1146915.002793,863750.823440,-10130.331806
1147913.809891,863744.059358,-9946.361947
1148912.616989,863737.295276,-9750.919218
1149911.424087,863730.531193,-9554.144994
1150910.231185,863723.767111,-9360.151434
1151909.038283,863717.003029,-9172.380164
1152907.845381,863710.238947,-8994.072602
1153906.652479,863703.474865,-8827.951436
1154905.459577,863696.710783,-8678.604056
1155904.266675,863689.946701,-8554.465783
1156903.073773,863683.182618,-8464.872643
1157901.880870,863676.418536,-8414.485330
1158900.687968,863669.654454,-8401.009186
1159899.495066,863662.890372,-8416.798598
1160898.302164,863656.126290,-8449.799986
1161897.109262,863649.362208,-8484.806713
1138931.316281,864804.656990,-8963.612143
1139930.123378,864797.892908,-9079.351349
1140928.930476,864791.128826,-9254.512696
1141927.737574,864784.364744,-9484.198455
1142926.544672,864777.600662,-9752.312957
1143925.351770,864770.836579,-10028.907530
1144924.158868,864764.072497,-10263.331284
1145922.965966,864757.308415,-10356.529313
1146921.773064,864750.544333,-10244.409001
1147920.580162,864743.780251,-10080.779663
1148919.387260,864737.016169,-9884.097290
1149918.194358,864730.252087,-9668.934965
1150917.001456,864723.488004,-9443.545051
1151915.808553,864716.723922,-9215.371173
1152914.615651,864709.959840,-8990.637667
1153913.422749,864703.195758,-8774.756656
1154912.229847,864696.431676,-8576.550624
1155911.036945,864689.667594,-8410.042639
1156909.844043,864682.903512,-8288.738213
1157908.651141,864676.139430,-8217.544647
1158907.458239,864669.375347,-8191.246450
1159906.265337,864662.611265,-8200.794252
1160905.072435,864655.847183,-8234.823189
1161903.879533,864649.083101,-8273.845130
1162902.686630,864642.319019,-8304.213546
1138938.086551,865804.377883,-8945.362570
1139936.893649,865797.613801,-9065.880697
1140935.700747,865790.849719,-9247.751653
1141934.507845,865784.085637,-9483.269921
1142933.314943,865777.321555,-9751.343255
1143932.122041,865770.557473,-10016.254765
1144930.929139,865763.793390,-10226.536972
1145929.736236,865757.029308,-10318.072307
1146928.543334,865750.265226,-10267.476780
1147927.350432,865743.501144,-10142.284782
1148926.157530,865736.737062,-9961.517293
1149924.964628,865729.972980,-9740.763473
1150923.771726,865723.208898,-9493.167228
1151922.578824,865716.444816,-9231.274382
1152921.385922,865709.680733,-8964.714142
1153920.193020,865702.916651,-8702.139969
1154919.000118,865696.152569,-8457.806214
1155917.807216,865689.388487,-8252.715463
1156916.614314,865682.624405,-8104.808193
1157915.421411,865675.860323,-8016.808899
1158914.228509,865669.096241,-7976.241684
1159913.035607,865662.332159,-7974.767584
1160911.842705,865655.568076,-8011.575001
1161910.649803,865648.803994,-8058.451559
1162909.456901,865642.039912,-8094.882129
1163908.263999,865635.275830,-8114.015917
1137946.049724,866810.862859,-8845.579762
1138944.856822,866804.098777,-8903.034406
1139943.663919,866797.334694,-9018.613871
1140942.471017,866790.570612,-9195.865960
1141941.278115,866783.806530,-9426.092771
1142940.085213,866777.042448,-9686.174385
1143938.892311,866770.278366,-9940.004515
1144937.699409,866763.514284,-10143.025657
1145936.506507,866756.750202,-10252.625040
1146935.313605,866749.986119,-10253.537229
1147934.120703,866743.222037,-10167.976558
1148932.927801,866736.457955,-10008.949720
1149931.734899,866729.693873,-9789.454217
1150930.541997,866722.929791,-9526.014008
1151929.349094,866716.165709,-9235.601276
1152928.156192,866709.401627,-8931.009291
1153926.963290,866702.637545,-8624.547290
1154925.770388,866695.873462,-8337.119753
1155924.577486,866689.109380,-8098.709866
1156923.384584,866682.345298,-7932.884136
1157922.191682,866675.581216,-7837.297256
1158920.998780,866668.817134,-7782.356289
1159919.805878,866662.053052,-7761.303056
1160918.612976,866655.288970,-7808.714290
1161917.420074,866648.524888,-7870.453584
1162916.227171,866641.760805,-7915.440762
1163915.034269,866634.996723,-7931.309327
1164913.841367,866628.232641,-7916.428540
1137952.819994,867810.583752,-8801.134241
1138951.627092,867803.819670,-8848.672115
1139950.434190,867797.055588,-8953.282707
1140949.241288,867790.291505,-9120.022689
1141948.048386,867783.527423,-9341.193673
1142946.855484,867776.763341,-9594.015693
1143945.662582,867769.999259,-9844.407292
1144944.469680,867763.235177,-10054.224989
1145943.276777,867756.471095,-10190.524308
1146942.083875,867749.707013,-10236.022870
1147940.890973,867742.942931,-10189.713015
1148939.698071,867736.178848,-10053.667074
1149938.505169,867729.414766,-9837.766861
1150937.312267,867722.650684,-9561.288599
1151936.119365,867715.886602,-9245.221599
1152934.926463,867709.122520,-8905.446261
1153933.733561,867702.358438,-8557.852174
1154932.540659,867695.594356,-8230.397016
1155931.347757,867688.830274,-7964.733612
1156930.154855,867682.066191,-7793.232300
1157928.961952,867675.302109,-7708.125112
1158927.769050,867668.538027,-7645.969403
1159926.576148,867661.773945,-7590.878282
1160925.383246,867655.009863,-7667.001064
1161924.190344,867648.245781,-7748.373281
1162922.997442,867641.481699,-7801.437446
1163921.804540,867634.717616,-7810.385759
1164920.611638,867627.953534,-7767.820533
1165919.418736,867621.189452,-7680.615764
1137959.590265,868810.304645,-8758.902899
1138958.397363,868803.540563,-8795.757372
1139957.204460,868796.776481,-8888.953493
1140956.011558,868790.012399,-9046.074308
1141954.818656,868783.248317,-9260.758348
1142953.625754,868776.484234,-9510.910127
1143952.432852,868769.720152,-9764.747187
1144951.239950,868762.956070,-9989.074518
1145950.047048,868756.191988,-10155.253205
1146948.854146,868749.427906,-10241.314550
1147947.661244,868742.663824,-10231.093615
1148946.468342,868735.899742,-10115.838185
1149945.275440,868729.135660,-9902.376823
1150944.082538,868722.371577,-9613.132229
1151942.889635,868715.607495,-9273.929289
1152941.696733,868708.843413,-8904.270611
1153940.503831,868702.079331,-8522.346811
1154939.310929,868695.315249,-8161.057881
1155938.118027,868688.551167,-7876.660574
1156936.925125,868681.787085,-7711.681269
1157935.732223,868675.023002,-7637.781775
1158934.539321,868668.258920,-7592.920099
1159933.346419,868661.494838,-7568.623467
1160932.153517,868654.730756,-7641.926975
1161930.960615,868647.966674,-7724.171154
1162929.767712,868641.202592,-7776.606453
1163928.574810,868634.438510,-7777.612269
1164927.381908,868627.674428,-7710.156334
1165926.189006,868620.910345,-7576.063172
1166924.996104,868614.146263,-7382.718454
1137966.360535,869810.025538,-8727.677308
1138965.167633,869803.261456,-8757.593750
1139963.974731,869796.497374,-8844.777041
1140962.781829,869789.733292,-8998.381358
1141961.588927,869782.969210,-9211.736750
1142960.396025,869776.205128,-9462.598740
1143959.203123,869769.441046,-9721.794599
1144958.010221,869762.676963,-9961.304656
1145956.817318,869755.912881,-10155.703605
1146955.624416,869749.148799,-10278.001490
1147954.431514,869742.384717,-10299.254908
1148953.238612,869735.620635,-10200.508570
1149952.045710,869728.856553,-9986.195938
1150950.852808,869722.092471,-9683.997796
1151949.659906,869715.328388,-9327.435150
1152948.467004,869708.564306,-8941.671394
1153947.274102,869701.800224,-8544.996018
1154946.081200,869695.036142,-8169.130000
1155944.888298,869688.272060,-7893.879999
1156943.695396,869681.507978,-7772.116100
1157942.502493,869674.743896,-7711.324913
1158941.309591,869667.979814,-7684.975606
1159940.116689,869661.215731,-7659.954310
1160938.923787,869654.451649,-7717.120542
1161937.730885,869647.687567,-7785.246358
1162936.537983,869640.923485,-7828.101664
1163935.345081,869634.159403,-7826.806159
1164934.152179,869627.395321,-7748.885875
1165932.959277,869620.631239,-7593.213101
1166931.766375,869613.867157,-7402.345490
1136974.323708,870816.510514,-8726.008463
1137973.130806,870809.746432,-8714.718795
1138971.937904,870802.982349,-8745.217431
1139970.745001,870796.218267,-8834.820043
1140969.552099,870789.454185,-8991.484871
1141968.359197,870782.690103,-9205.889416
1142967.166295,870775.926021,-9455.405318
1143965.973393,870769.161939,-9715.160249
1144964.780491,870762.397857,-9964.177013
1145963.587589,870755.633774,-10181.420329
1146962.394687,870748.869692,-10335.451021
1147961.201785,870742.105610,-10383.613837
1148960.008883,870735.341528,-10296.304433
1149958.815981,870728.577446,-10076.101850
1150957.623079,870721.813364,-9760.638422
1151956.430176,870715.049282,-9396.362471
1152955.237274,870708.285200,-9019.532774
1153954.044372,870701.521117,-8649.035738
1154952.851470,870694.757035,-8303.271851
1155951.658568,870687.992953,-8172.867616
1156950.465666,870681.228871,-8301.005648
1157949.272764,870674.464789,-8067.512131
1158948.079862,870667.700707,-7914.096104
1159946.886960,870660.936625,-7797.270042
1160945.694058,870654.172543,-7841.827390
1161944.501156,870647.408460,-7880.013815
1162943.308253,870640.644378,-7896.836907
1163942.115351,870633.880296,-7908.769385
1164940.922449,870627.116214,-7842.478984
1165939.729547,870620.352132,-7692.396245
1136981.093978,871816.231407,-8728.696851
1137979.901076,871809.467325,-8724.496201
1138978.708174,871802.703243,-8763.767371
1139977.515272,871795.939161,-8862.337356
1140976.322370,871789.175078,-9023.873645
1141975.129468,871782.410996,-9235.176482
1142973.936566,871775.646914,-9474.820645
1143972.743664,871768.882832,-9725.260590
1144971.550762,871762.118750,-9974.429322
1145970.357859,871755.354668,-10207.791231
1146969.164957,871748.590586,-10391.598008
1147967.972055,871741.826503,-10464.121124
1148966.779153,871735.062421,-10383.349345
1149965.586251,871728.298339,-10148.340306
1150964.393349,871721.534257,-9815.639370
1151963.200447,871714.770175,-9449.387392
1152962.007545,871708.006093,-9105.522818
1153960.814643,871701.242011,-8815.235694
1154959.621741,871694.477929,-8582.428207
1155958.428839,871687.713846,-8461.372371
1156957.235936,871680.949764,-8415.042354
1157956.043034,871674.185682,-8218.731883
1158954.850132,871667.421600,-8033.943770
1159953.657230,871660.657518,-7930.339432
1160952.464328,871653.893436,-7964.847944
1161951.271426,871647.129354,-7933.114705
1162950.078524,871640.365272,-7862.161210
1163948.885622,871633.601189,-7858.804351
1164947.692720,871626.837107,-7822.692236
1136987.864249,872815.952300,-8747.229484
1137986.671347,872809.188218,-8756.585088
1138985.478445,872802.424136,-8809.856272
1139984.285542,872795.660054,-8918.557107
1140983.092640,872788.895972,-9080.272942
1141981.899738,872782.131889,-9278.636111
1142980.706836,872775.367807,-9496.685927
1143979.513934,872768.603725,-9727.908713
1144978.321032,872761.839643,-9967.801863
1145977.128130,872755.075561,-10209.539522
1146975.935228,872748.311479,-10425.903663
1147974.742326,872741.547397,-10521.961568
1148973.549424,872734.783315,-10444.527542
1149972.356522,872728.019232,-10178.535047
1150971.163620,872721.255150,-9818.875976
1151969.970717,872714.491068,-9439.962471
1152968.777815,872707.726986,-9114.003890
1153967.584913,872700.962904,-8879.095861
1154966.392011,872694.198822,-8617.713396
1155965.199109,872687.434740,-8337.916951
1156964.006207,872680.670658,-8295.081379
1157962.813305,872673.906575,-8158.662842
1158961.620403,872667.142493,-8017.762226
1159960.427501,872660.378411,-7946.708449
1160959.234599,872653.614329,-7994.961551
1161958.041697,872646.850247,-7866.125802
1162956.848794,872640.086165,-7735.040228
1163955.655892,872633.322083,-7698.679524
1164954.462990,872626.558000,-7698.009006
1136994.634519,873815.673193,-8778.782654
1137993.441617,873808.909111,-8805.572736
1138992.248715,873802.145029,-8873.942692
1139991.055813,873795.380947,-8989.495594
1140989.862911,873788.616865,-9143.876885
1141988.670009,873781.852783,-9319.166567
1142987.477107,873775.088701,-9506.461001
1143986.284205,873768.324618,-9716.495847
1144985.091303,873761.560536,-9942.150642
1145983.898400,873754.796454,-10174.992885
1146982.705498,873748.032372,-10425.868227
1147981.512596,873741.268290,-10535.158155
1148980.319694,873734.504208,-10465.235658
1149979.126792,873727.740126,-10146.480577
1150977.933890,873720.976044,-9762.200753
1151976.740988,873714.211961,-9359.536757
1152975.548086,873707.447879,-9008.324759
1153974.355184,873700.683797,-8773.004254
1154973.162282,873693.919715,-8486.640012
1155971.969380,873687.155633,-8232.207564
1156970.776477,873680.391551,-8273.018796
1157969.583575,873673.627469,-8141.138932
1158968.390673,873666.863386,-7903.279697
1159967.197771,873660.099304,-7848.875361
1160966.004869,873653.335222,-7781.371456
1161964.811967,873646.571140,-7612.942927
1162963.619065,873639.807058,-7475.400745
1163962.426163,873633.042976,-7444.869323
1136002.597692,874822.158169,-8802.311399
1137001.404790,874815.394087,-8818.884709
1138000.211888,874808.630004,-8864.769960
1138999.018986,874801.865922,-8947.501773
1139997.826083,874795.101840,-9067.027440
1140996.633181,874788.337758,-9210.949919
1141995.440279,874781.573676,-9359.816506
1142994.247377,874774.809594,-9513.335110
1143993.054475,874768.045512,-9720.251276
1144991.861573,874761.281430,-9957.140254
1145990.668671,874754.517347,-10144.731939
1146989.475769,874747.753265,-10375.724348
1147988.282867,874740.989183,-10425.180713
1148987.089965,874734.225101,-10369.105293
1149985.897063,874727.461019,-10024.628650
1150984.704161,874720.696937,-9676.983160
1151983.511258,874713.932855,-9319.289666
1152982.318356,874707.168772,-8959.886092
1153981.125454,874700.404690,-8630.899882
1154979.932552,874693.640608,-8336.965487
1155978.739650,874686.876526,-8152.794608
1156977.546748,874680.112444,-8521.272665
1157976.353846,874673.348362,-8462.923594
1158975.160944,874666.584280,-8058.371902
1159973.968042,874659.820198,-7678.013558
1160972.775140,874653.056115,-7469.739569
1161971.582238,874646.292033,-7252.354554
1162970.389335,874639.527951,-7110.487193
1163969.196433,874632.763869,-7119.512454
1136009.367962,875821.879062,-8826.414680
1137008.175060,875815.114980,-8864.722172
1138006.982158,875808.350898,-8931.225125
1139005.789256,875801.586816,-9029.188966
1140004.596354,875794.822733,-9154.591651
1141003.403452,875788.058651,-9295.580819
1142002.210550,875781.294569,-9428.306034
1143001.017648,875774.530487,-9545.152811
1143999.824746,875767.766405,-9786.600007
1144998.631844,875761.002323,-10122.200271
1145997.438941,875754.238241,-10134.585297
1146996.246039,875747.474159,-10098.348299
1147995.053137,875740.710076,-10073.665803
1148993.860235,875733.945994,-10077.931208
1149992.667333,875727.181912,-9868.740494
1150991.474431,875720.417830,-9582.892988
1151990.281529,875713.653748,-9298.591251
1152989.088627,875706.889666,-8918.671396
1153987.895725,875700.125584,-8352.523390
1154986.702823,875693.361501,-8372.818621
1155985.509921,875686.597419,-8421.046260
1156984.317018,875679.833337,-8666.931577
1157983.124116,875673.069255,-8503.995468
1158981.931214,875666.305173,-8062.803247
1159980.738312,875659.541091,-7569.690482
1160979.545410,875652.777009,-7212.426540
1161978.352508,875646.012927,-6880.018855
1162977.159606,875639.248844,-6703.550339
1136016.138233,876821.599955,-8854.625532
1137014.945331,876814.835873,-8917.359758
1138013.752429,876808.071791,-9007.523162
1139012.559527,876801.307709,-9124.441891
1140011.366624,876794.543627,-9260.699363
1141010.173722,876787.779545,-9414.911943
1142008.980820,876781.015462,-9565.895689
1143007.787918,876774.251380,-9671.489914
1144006.595016,876767.487298,-10018.679284
1145005.402114,876760.723216,-10489.022986
1146004.209212,876753.959134,-10232.188596
1147003.016310,876747.195052,-9984.391974
1148001.823408,876740.430970,-9871.904803
1149000.630506,876733.666887,-9824.512724
1149999.437604,876726.902805,-9779.704956
1150998.244702,876720.138723,-9601.806739
1151997.051799,876713.374641,-9117.947738
1152995.858897,876706.610559,-8838.215943
1153994.665995,876699.846477,-8439.574585
1154993.473093,876693.082395,-8462.304317
1155992.280191,876686.318313,-8373.516527
1156991.087289,876679.554230,-8441.180376
1157989.894387,876672.790148,-8255.433593
1158988.701485,876666.026066,-7871.151705
1159987.508583,876659.261984,-7400.911985
1160986.315681,876652.497902,-6947.264491
1161985.122779,876645.733820,-6520.048809
1136022.908503,877821.320848,-8890.269707
1137021.715601,877814.556766,-8980.707935
1138020.522699,877807.792684,-9098.771703
1139019.329797,877801.028602,-9240.280652
1140018.136895,877794.264520,-9394.035790
1141016.943993,877787.500438,-9553.289687
1142015.751091,877780.736356,-9701.557376
1143014.558189,877773.972273,-9834.226794
1144013.365287,877767.208191,-10170.399063
1145012.172385,877760.444109,-10479.407978
1146010.979482,877753.680027,-10102.824885
1147009.786580,877746.915945,-9827.316280
1148008.593678,877740.151863,-9736.479851
1149007.400776,877733.387781,-9669.615834
1150006.207874,877726.623699,-9627.887371
1151005.014972,877719.859616,-9605.862971
1152003.822070,877713.095534,-9083.569582
1153002.629168,877706.331452,-8744.449197
1154001.436266,877699.567370,-8558.067835
1155000.243364,877692.803288,-8395.174145
1155999.050462,877686.039206,-8202.120594
1156997.857559,877679.275124,-8133.627230
1157996.664657,877672.511042,-7961.746455
1158995.471755,877665.746959,-7653.048444
1159994.278853,877658.982877,-7240.713657
1160993.085951,877652.218795,-6776.340588
1161991.893049,877645.454713,-6314.018067
1135030.871676,878827.805824,-8847.336674
1136029.678774,878821.041742,-8937.851042
1137028.485872,878814.277659,-9058.376450
1138027.292970,878807.513577,-9206.215318
1139026.100068,878800.749495,-9372.309426
1140024.907165,878793.985413,-9533.721499
1141023.714263,878787.221331,-9652.127752
1142022.521361,878780.457249,-9697.619871
1143021.328459,878773.693167,-9748.369016
1144020.135557,878766.929085,-9933.222941
1145018.942655,878760.165002,-9970.466600
1146017.749753,878753.400920,-9699.099090
1147016.556851,878746.636838,-9541.969856
1148015.363949,878739.872756,-9358.347142
1149014.171047,878733.108674,-9159.680300
1150012.978145,878726.344592,-8968.916513
1151011.785243,878719.580510,-9063.604420
1152010.592340,878712.816428,-8828.058584
1153009.399438,878706.052345,-8631.210233
1154008.206536,878699.288263,-8430.133020
1155007.013634,878692.524181,-8183.371026
1156005.820732,878685.760099,-7977.166033
1157004.627830,878678.996017,-7862.953499
1158003.434928,878672.231935,-7730.346159
1159002.242026,878665.467853,-7514.691054
1160001.049124,878658.703770,-7206.292790
1160999.856222,878651.939688,-6837.646491
1135037.641946,879827.526717,-8882.179390
1136036.449044,879820.762635,-9002.492934
1137035.256142,879813.998553,-9152.976898
1138034.063240,879807.234471,-9328.584657
1139032.870338,879800.470388,-9519.517114
1140031.677436,879793.706306,-9702.821932
1141030.484534,879786.942224,-9829.764479
1142029.291632,879780.178142,-9868.720459
1143028.098730,879773.414060,-9855.814166
1144026.905828,879766.649978,-9750.395357
1145025.712926,879759.885896,-9644.242942
1146024.520023,879753.121814,-9501.815084
1147023.327121,879746.357731,-9170.133151
1148022.134219,879739.593649,-8864.835274
1149020.941317,879732.829567,-8663.939877
1150019.748415,879726.065485,-8568.326974
1151018.555513,879719.301403,-8602.623145
1152017.362611,879712.537321,-8462.840552
1153016.169709,879705.773239,-8318.759088
1154014.976807,879699.009156,-8155.300323
1155013.783905,879692.245074,-7886.628789
1156012.591003,879685.480992,-7703.919832
1157011.398100,879678.716910,-7633.972158
1158010.205198,879671.952828,-7584.400110
1159009.012296,879665.188746,-7481.632063
1160007.819394,879658.424664,-7302.143680
1135044.412217,880827.247610,-8939.619417
1136043.219315,880820.483528,-9090.416490
1137042.026413,880813.719446,-9266.290289
1138040.833511,880806.955364,-9457.178667
1139039.640609,880800.191282,-9653.687393
1140038.447706,880793.427200,-9846.443954
1141037.254804,880786.663117,-9978.159374
1142036.061902,880779.899035,-9961.878395
1143034.869000,880773.134953,-9892.439774
1144033.676098,880766.370871,-9830.848902
1145032.483196,880759.606789,-9831.627795
1146031.290294,880752.842707,-9443.076821
1147030.097392,880746.078625,-8952.345178
1148028.904490,880739.314543,-8551.037023
1149027.711588,880732.550460,-8379.955543
1150026.518686,880725.786378,-8315.488798
1151025.325784,880719.022296,-8290.603424
1152024.132881,880712.258214,-8190.255173
1153022.939979,880705.494132,-8070.719826
1154021.747077,880698.730050,-7888.967475
1155020.554175,880691.965968,-7563.528428
1156019.361273,880685.201885,-7429.549063
1157018.168371,880678.437803,-7463.409845
1158016.975469,880671.673721,-7526.009398
1159015.782567,880664.909639,-7539.549209
1135051.182487,881826.968503,-9027.852942
1136049.989585,881820.204421,-9210.207970
1137048.796683,881813.440339,-9406.228210
1138047.603781,881806.676257,-9592.945026
1139046.410879,881799.912175,-9746.731488
1140045.217977,881793.148093,-9856.367771
1141044.025075,881786.384011,-9914.560545
1142042.832173,881779.619929,-9870.262613
1143041.639271,881772.855846,-9709.792136
1144040.446369,881766.091764,-9540.604787
1145039.253467,881759.327682,-9425.209298
1146038.060564,881752.563600,-9124.260217
1147036.867662,881745.799518,-8699.385249
1148035.674760,881739.035436,-8424.961586
1149034.481858,881732.271354,-8214.154192
1150033.288956,881725.507271,-8108.350058
1151032.096054,881718.743189,-8053.260506
1152030.903152,881711.979107,-7971.926604
1153029.710250,881705.215025,-7841.854902
1154028.517348,881698.450943,-7609.165145
1155027.324446,881691.686861,-7295.756265
1156026.131544,881684.922779,-7230.589383
1157024.938641,881678.158697,-7401.447117
1158023.745739,881671.394614,-7567.743645
1134059.145660,882833.453479,-8963.443054
1135057.952758,882826.689397,-9151.704104
1136056.759856,882819.925315,-9370.747815
1137055.566954,882813.161232,-9593.204220
1138054.374052,882806.397150,-9780.141097
1139053.181150,882799.633068,-9879.195726
1140051.988247,882792.868986,-9834.418362
1141050.795345,882786.104904,-9739.614746
1142049.602443,882779.340822,-9732.133426
1143048.409541,882772.576740,-9413.724515
1144047.216639,882765.812657,-9143.113928
1145046.023737,882759.048575,-8991.223516
1146044.830835,882752.284493,-8787.556539
1147043.637933,882745.520411,-8437.738537
1148042.445031,882738.756329,-8240.505542
1149041.252129,882731.992247,-8028.937862
1150040.059227,882725.228165,-7914.593834
1151038.866325,882718.464083,-7866.015660
1152037.673422,882711.700000,-7815.274160
1153036.480520,882704.935918,-7717.083047
1154035.287618,882698.171836,-7545.549331
1155034.094716,882691.407754,-7362.088628
1156032.901814,882684.643672,-7359.167949
1157031.708912,882677.879590,-7536.862390
1134065.915930,883833.174372,-9075.753715
1135064.723028,883826.410290,-9305.720909
1136063.530126,883819.646208,-9569.709614
1137062.337224,883812.882126,-9838.933855
1138061.144322,883806.118043,-10073.236383
1139059.951420,883799.353961,-10221.040014
1140058.758518,883792.589879,-10221.715612
1141057.565616,883785.825797,-10060.352641
1142056.372714,883779.061715,-9702.690559
1143055.179812,883772.297633,-9067.869828
1144053.986910,883765.533551,-8742.321670
1145052.794008,883758.769469,-8604.470004
1146051.601105,883752.005386,-8427.793271
1147050.408203,883745.241304,-8214.340913
1148049.215301,883738.477222,-7991.139247
1149048.022399,883731.713140,-7778.224760
1150046.829497,883724.949058,-7716.689606
1151045.636595,883718.184976,-7717.931330
1152044.443693,883711.420894,-7727.762686
1153043.250791,883704.656812,-7706.846724
1154042.057889,883697.892729,-7646.412952
1155040.864987,883691.128647,-7594.761513
1156039.672085,883684.364565,-7641.655199
1134072.686201,884832.895265,-9200.993157
1135071.493299,884826.131183,-9470.733526
1136070.300397,884819.367101,-9780.909970
1137069.107495,884812.603019,-10105.304702
1138067.914593,884805.838937,-10411.873981
1139066.721691,884799.074855,-10667.496840
1140065.528788,884792.310772,-10828.761754
1141064.335886,884785.546690,-10736.171676
1142063.142984,884778.782608,-10081.497996
1143061.950082,884772.018526,-9076.698292
1144060.757180,884765.254444,-8484.202786
1145059.564278,884758.490362,-8392.837788
1146058.371376,884751.726280,-8205.236880
1147057.178474,884744.962198,-7966.620611
1148055.985572,884738.198115,-7770.134504
1149054.792670,884731.434033,-7585.684235
1150053.599768,884724.669951,-7569.073310
1151052.406866,884717.905869,-7627.813764
1152051.213963,884711.141787,-7704.687079
1153050.021061,884704.377705,-7764.930982
1154048.828159,884697.613623,-7801.942748
1155047.635257,884690.849541,-7842.416766
1134079.456471,885832.616158,-9319.769460
1135078.263569,885825.852076,-9620.224944
1136077.070667,885819.087994,-9964.512384
1137075.877765,885812.323912,-10325.654486
1138074.684863,885805.559830,-10673.149613
1139073.491961,885798.795748,-10977.777905
1140072.299059,885792.031666,-11185.211051
1141071.106157,885785.267584,-11112.494318
1142069.913255,885778.503501,-10480.429781
1143068.720353,885771.739419,-9363.867806
1144067.527451,885764.975337,-8354.191472
1145066.334549,885758.211255,-8096.367872
1146065.141646,885751.447173,-7800.588225
1147063.948744,885744.683091,-7538.906706
1148062.755842,885737.919009,-7390.833444
1149061.562940,885731.154927,-7408.576461
1150060.370038,885724.390844,-7494.144481
1151059.177136,885717.626762,-7616.955908
1152057.984234,885710.862680,-7748.246079
1153056.791332,885704.098598,-7867.100733
1154055.598430,885697.334516,-7968.148715
1133087.419644,886839.101134,-9157.484797
1134086.226742,886832.337052,-9413.234012
1135085.033840,886825.572970,-9729.462585
1136083.840938,886818.808887,-10087.126214
1137082.648036,886812.044805,-10454.132484
1138081.455134,886805.280723,-10794.941066
1139080.262232,886798.516641,-11086.954130
1140079.069329,886791.752559,-11308.130656
1141077.876427,886784.988477,-11355.615585
1142076.683525,886778.224395,-11029.624631
1143075.490623,886771.460313,-9797.225664
1144074.297721,886764.696230,-7905.524784
1145073.104819,886757.932148,-7873.709118
1146071.911917,886751.168066,-7477.956456
1147070.719015,886744.403984,-7348.351127
1148069.526113,886737.639902,-7339.175675
1149068.333211,886730.875820,-7445.483142
1150067.140309,886724.111738,-7576.642964
1151065.947407,886717.347655,-7721.553827
1152064.754504,886710.583573,-7869.729608
1153063.561602,886703.819491,-8009.949945
1133094.189915,887838.822027,-9208.265126
1134092.997012,887832.057945,-9464.901843
1135091.804110,887825.293863,-9777.921184
1136090.611208,887818.529781,-10126.459574
1137089.418306,887811.765699,-10470.805780
1138088.225404,887805.001616,-10758.863043
1139087.032502,887798.237534,-10969.533058
1140085.839600,887791.473452,-11152.567319
1141084.646698,887784.709370,-11301.487390
1142083.453796,887777.945288,-11258.834077
1143082.260894,887771.181206,-10617.008351
1144081.067992,887764.417124,-9219.761707
1145079.875090,887757.653041,-8172.795059
1146078.682187,887750.888959,-7416.081131
1147077.489285,887744.124877,-7621.908135
1148076.296383,887737.360795,-7702.514393
1149075.103481,887730.596713,-7766.264158
1150073.910579,887723.832631,-7845.765966
1151072.717677,887717.068549,-7948.339517
1152071.524775,887710.304467,-8067.007122
1133100.960185,888838.542920,-9222.575584
1134099.767283,888831.778838,-9460.732544
1135098.574381,888825.014756,-9747.586791
1136097.381479,888818.250674,-10065.527916
1137096.188577,888811.486592,-10371.499881
1138094.995675,888804.722510,-10575.968690
1139093.802773,888797.958427,-10620.631947
1140092.609870,888791.194345,-10670.249663
1141091.416968,888784.430263,-10833.154311
1142090.224066,888777.666181,-10938.007714
1143089.031164,888770.902099,-10723.543675
1144087.838262,888764.138017,-10017.723560
1145086.645360,888757.373935,-9422.668947
1146085.452458,888750.609853,-9215.397128
1147084.259556,888743.845770,-8747.468258
1148083.066654,888737.081688,-8456.118676
1149081.873752,888730.317606,-8299.417317
1150080.680850,888723.553524,-8241.625836
1151079.487947,888716.789442,-8253.962435
1133107.730456,889838.263813,-9196.588941
1134106.537553,889831.499731,-9393.478046
1135105.344651,889824.735649,-9624.663831
1136104.151749,889817.971567,-9883.052282
1137102.958847,889811.207485,-10145.463073
1138101.765945,889804.443403,-10276.076172
1139100.573043,889797.679321,-10083.401781
1140099.380141,889790.915239,-9921.007253
1141098.187239,889784.151156,-10092.400538
1142096.994337,889777.387074,-10281.219637
1143095.801435,889770.622992,-10295.685038
1144094.608533,889763.858910,-9974.432311
1145093.415631,889757.094828,-9935.342957
1146092.222728,889750.330746,-10033.033333
1147091.029826,889743.566664,-9539.678839
1148089.836924,889736.802582,-9098.215848
1149088.644022,889730.038499,-8798.368210
1150087.451120,889723.274417,-8629.606701
1132115.693628,890844.748789,-9019.616629
1133114.500726,890837.984707,-9139.709562
1134113.307824,890831.220625,-9275.719564
1135112.114922,890824.456542,-9417.092583
1136110.922020,890817.692460,-9556.705139
1137109.729118,890810.928378,-9684.372197
1138108.536216,890804.164296,-9723.859421
1139107.343314,890797.400214,-9449.273984
1140106.150411,890790.636132,-9078.962520
1141104.957509,890783.872050,-9461.567208
1142103.764607,890777.107968,-9745.135301
1143102.571705,890770.343885,-9137.772320
1144101.378803,890763.579803,-8131.312488
1145100.185901,890756.815721,-9358.696461
1146098.992999,890750.051639,-9956.506398
1147097.800097,890743.287557,-9747.125427
1148096.607195,890736.523475,-9399.050443
1149095.414293,890729.759393,-9103.414345
1132122.463899,891844.469682,-8995.994939
1133121.270997,891837.705600,-9079.553764
1134120.078094,891830.941518,-9155.912725
1135118.885192,891824.177436,-9203.990518
1136117.692290,891817.413354,-9208.670956
1137116.499388,891810.649271,-9181.571142
1138115.306486,891803.885189,-9127.837716
1139114.113584,891797.121107,-8995.405321
1140112.920682,891790.357025,-8897.174319
1141111.727780,891783.592943,-8954.220861
1142110.534878,891776.828861,-9171.888549
1143109.341976,891770.064779,-9028.392336
1144108.149074,891763.300697,-8457.141693
1145106.956172,891756.536614,-9116.396694
1146105.763269,891749.772532,-9604.818526
1147104.570367,891743.008450,-9596.936359
1148103.377465,891736.244368,-9408.888261
1132129.234169,892844.190575,-8985.855709
1133128.041267,892837.426493,-9050.076460
1134126.848365,892830.662411,-9097.802270
1135125.655463,892823.898329,-9100.568167
1136124.462561,892817.134247,-9030.679959
1137123.269659,892810.370165,-8947.678635
1138122.076757,892803.606083,-9002.771529
1139120.883855,892796.842000,-9097.206471
1140119.690952,892790.077918,-9041.043196
1141118.498050,892783.313836,-8584.465262
1142117.305148,892776.549754,-8558.432526
1143116.112246,892769.785672,-8605.911712
1144114.919344,892763.021590,-8711.388115
1145113.726442,892756.257508,-8972.463083
1146112.533540,892749.493425,-9252.044196
1147111.340638,892742.729343,-9326.038480
1132136.004440,893843.911469,-8997.574835
1133134.811538,893837.147386,-9066.628816
1134133.618635,893830.383304,-9131.819828
1135132.425733,893823.619222,-9175.548264
1136131.232831,893816.855140,-9185.323338
1137130.039929,893810.091058,-9193.068285
1138128.847027,893803.326976,-9229.187366
1139127.654125,893796.562894,-9168.699722
1140126.461223,893789.798811,-8952.896819
1141125.268321,893783.034729,-8495.092428
1142124.075419,893776.270647,-8332.569471
1143122.882517,893769.506565,-8356.484985
1144121.689615,893762.742483,-8560.383774
1145120.496713,893755.978401,-8764.567499
1146119.303810,893749.214319,-8960.006763
1131143.967612,894850.396444,-8956.386884
1132142.774710,894843.632362,-9023.188967
1133141.581808,894836.868280,-9108.268933
1134140.388906,894830.104198,-9206.451128
1135139.196004,894823.340115,-9308.299139
1136138.003102,894816.576033,-9402.492927
1137136.810200,894809.811951,-9431.715618
1138135.617298,894803.047869,-9278.771498
1139134.424396,894796.283787,-9027.248792
1140133.231493,894789.519705,-8772.701661
1141132.038591,894782.755623,-8468.723860
1142130.845689,894775.991540,-8309.709659
1143129.652787,894769.227458,-8308.030833
1144128.459885,894762.463376,-8438.191139
1145127.266983,894755.699294,-8597.776925
1131150.737883,895850.117337,-8975.673460
1132149.544981,895843.353255,-9047.582585
1133148.352079,895836.589173,-9142.249475
1134147.159176,895829.825091,-9253.839938
1135145.966274,895823.061009,-9363.692548
1136144.773372,895816.296926,-9430.251477
1137143.580470,895809.532844,-9361.899662
1138142.387568,895802.768762,-9073.986430
1139141.194666,895796.004680,-8744.606835
1140140.001764,895789.240598,-8608.893925
1141138.808862,895782.476516,-8448.965971
1142137.615960,895775.712434,-8343.692105
1143136.423058,895768.948352,-8330.781556
1144135.230156,895762.184269,-8404.215732
1131157.508153,896849.838230,-8991.158620
1132156.315251,896843.074148,-9061.765819
1133155.122349,896836.310066,-9154.041842
1134153.929447,896829.545984,-9258.258761
1135152.736545,896822.781902,-9346.689011
1136151.543643,896816.017820,-9368.826441
1137150.350741,896809.253738,-9258.636138
1138149.157839,896802.489655,-8997.995730
1139147.964937,896795.725573,-8725.096271
1140146.772034,896788.961491,-8601.157935
1141145.579132,896782.197409,-8495.591079
1142144.386230,896775.433327,-8421.463453
1143143.193328,896768.669245,-8401.638134
1131164.278424,897849.559124,-9003.233284
1132163.085522,897842.795041,-9065.811208
1133161.892620,897836.030959,-9146.597243
1134160.699717,897829.266877,-9234.326797
1135159.506815,897822.502795,-9301.093669
1136158.313913,897815.738713,-9305.238330
1137157.121011,897808.974631,-9209.443162
1138155.928109,897802.210549,-9021.050441
1139154.735207,897795.446467,-8822.020040
1140153.542305,897788.682384,-8691.319123
1141152.349403,897781.918302,-8594.957659
1142151.156501,897775.154220,-8528.566363
1130172.241596,898856.044099,-8980.772770
1131171.048694,898849.280017,-9015.341954
1132169.855792,898842.515935,-9064.975245
1133168.662890,898835.751853,-9129.096742
1134167.469988,898828.987770,-9197.726812
1135166.277086,898822.223688,-9248.122118
1136165.084184,898815.459606,-9250.204215
1137163.891282,898808.695524,-9182.722844
1138162.698380,898801.931442,-9054.905525
1139161.505478,898795.167360,-8911.588405
1140160.312575,898788.403278,-8794.685638
1141159.119673,898781.639195,-8704.218842
1130179.011867,899855.764992,-9008.185691
1131177.818965,899849.000910,-9030.867428
1132176.626063,899842.236828,-9065.200887
1133175.433161,899835.472746,-9110.635001
1134174.240258,899828.708664,-9159.749106
1135173.047356,899821.944582,-9196.181342
1136171.854454,899815.180499,-9199.415081
1137170.661552,899808.416417,-9156.145318
1138169.468650,899801.652335,-9071.730357
1139168.275748,899794.888253,-8969.965952
1140167.082846,899788.124171,-8875.031588
1130185.782137,900855.485885,-9039.228633
1131184.589235,900848.721803,-9050.237805
1132183.396333,900841.957721,-9069.720148
1133182.203431,900835.193639,-9097.246181
1134181.010529,900828.429557,-9127.936601
1135179.817627,900821.665475,-9151.052793
1136178.624725,900814.901393,-9153.192219
1137177.431823,900808.137310,-9125.442973
1138176.238921,900801.373228,-9069.738589
1139175.046019,900794.609146,-8998.410937
1130192.552408,901855.206779,-9066.969532
1131191.359506,901848.442696,-9069.249712
1132190.166604,901841.678614,-9077.142690
1133188.973702,901834.914532,-9090.199827
1134187.780799,901828.150450,-9105.480399
1135186.587897,901821.386368,-9116.519388
1136185.394995,901814.622286,-9115.070927
1137184.202093,901807.858204,-9095.256096
1138183.009191,901801.094122,-9057.225714
1129200.515580,902861.691754,-9083.494497
1130199.322678,902854.927672,-9079.422401
1131198.129776,902848.163590,-9078.920597
1132196.936874,902841.399508,-9081.251324
1133195.743972,902834.635425,-9085.731822
1134194.551070,902827.871343,-9090.687306
1135193.358168,902821.107261,-9092.650221
1136192.165266,902814.343179,-9087.076668
1137190.972364,902807.579097,-9070.516496
1129207.285851,903861.412647,-9056.356024
1130206.092949,903854.648565,-9060.683656
1131204.900047,903847.884483,-9066.663802
1132203.707145,903841.120401,-9072.244465
1133202.514243,903834.356319,-9076.285313
1134201.321340,903827.592237,-9077.877688
1135200.128438,903820.828154,-9075.623885
1136198.935536,903814.064072,-9067.676972
1129214.056121,904861.133540,-8967.209651
1130212.863219,904854.369458,-8993.297469
1131211.670317,904847.605376,-9018.483565
1132210.477415,904840.841294,-9038.877172
1133209.284513,904834.077212,-9052.662206
1134208.091611,904827.313130,-9059.421942
1135206.898709,904820.549048,-9059.309351
1128222.019294,905867.618516,-8737.484677
1129220.826392,905860.854434,-8796.863975
1130219.633490,905854.090352,-8861.803632
1131218.440588,905847.326269,-8921.973655
1132217.247686,905840.562187,-8971.066682
1133216.054784,905833.798105,-9006.414626
1134214.861881,905827.034023,-9028.017250
1128228.789564,906867.339409,-8414.739520
1129227.596662,906860.575327,-8533.290781
1130226.403760,906853.811245,-8656.874436
1131225.210858,906847.047163,-8769.707734
1132224.017956,906840.283080,-8862.628843
1133222.825054,906833.518998,-8932.092999
1128235.559835,907867.060302,-7974.595037
1129234.366933,907860.296220,-8175.503765
1130233.174031,907853.532138,-8378.790452
1131231.981129,907846.768056,-8562.198341
1132230.788227,907840.003974,-8713.659203
1128242.330105,908866.781195,-7427.053452
1129241.137203,908860.017113,-7735.221360
1130239.944301,908853.253031,-8039.234885
1131238.751399,908846.488949,-8309.581693
1127250.293278,909873.266171,-6403.202354
1128249.100376,909866.502089,-6795.679659
1129247.907474,909859.738007,-7237.382657
1130246.714572,909852.973924,-7661.706794
1127257.063549,910872.987064,-5569.319249
1128255.870646,910866.222982,-6121.452627
1129254.677744,910859.458900,-6722.419137
1127263.833819,911872.707957,-4728.592493
1128262.640917,911865.943875,-5474.450032
1127270.604090,912872.428850,-4012.280589
1126278.567262,913878.913826,-2704.331744
