1280452.180661,788866.018489,-4239.586603
1274412.561038,790866.543626,-4265.111644
1276425.767579,790866.543626,-4263.332688
1278438.974120,790866.543626,-4261.980602
1270386.147956,792867.068762,-4273.931659
1272399.354497,792867.068762,-4278.198867
1274412.561038,792867.068762,-4284.835486
1276425.767579,792867.068762,-4289.098377
1264346.528333,794867.593899,-4276.501766
1266359.734874,794867.593899,-4277.870006
1268372.941415,794867.593899,-4282.087804
1270386.147956,794867.593899,-4290.298547
1272399.354497,794867.593899,-4302.701414
1274412.561038,794867.593899,-4309.950395
1260320.115251,796868.119035,-4285.847483
1262333.321792,796868.119035,-4285.071826
1264346.528333,796868.119035,-4285.958417
1266359.734874,796868.119035,-4289.757589
1268372.941415,796868.119035,-4297.304270
1270386.147956,796868.119035,-4306.484777
1272399.354497,796868.119035,-4309.075458
1254280.495628,798868.644172,-4292.337529
1256293.702169,798868.644172,-4293.294629
1258306.908710,798868.644172,-4293.821517
1260320.115251,798868.644172,-4294.038988
1262333.321792,798868.644172,-4294.565700
1264346.528333,798868.644172,-4296.322472
1266359.734874,798868.644172,-4299.724121
1268372.941415,798868.644172,-4302.830436
1270386.147956,798868.644172,-4302.107310
1272399.354497,798868.644172,-4296.789225
1250254.082546,800869.169308,-4279.077717
1252267.289087,800869.169308,-4283.665419
1254280.495628,800869.169308,-4289.144121
1256293.702169,800869.169308,-4294.454033
1258306.908710,800869.169308,-4298.517753
1260320.115251,800869.169308,-4300.754873
1262333.321792,800869.169308,-4301.291681
1264346.528333,800869.169308,-4300.518804
1266359.734874,800869.169308,-4298.217471
1268372.941415,800869.169308,-4293.958163
1270386.147956,800869.169308,-4288.485288
1244214.462923,802869.694444,-4243.045612
1246227.669464,802869.694444,-4243.885046
1248240.876005,802869.694444,-4248.416504
1250254.082546,802869.694444,-4256.760150
1252267.289087,802869.694444,-4268.218344
1254280.495628,802869.694444,-4280.928769
1256293.702169,802869.694444,-4292.331470
1258306.908710,802869.694444,-4300.093177
1260320.115251,802869.694444,-4302.982787
1262333.321792,802869.694444,-4301.077792
1264346.528333,802869.694444,-4295.542798
1266359.734874,802869.694444,-4288.385327
1268372.941415,802869.694444,-4281.852610
1240188.049840,804870.219581,-4208.006369
1242201.256382,804870.219581,-4202.028967
1244214.462923,804870.219581,-4200.571489
1246227.669464,804870.219581,-4204.527987
1248240.876005,804870.219581,-4214.614124
1250254.082546,804870.219581,-4230.614450
1252267.289087,804870.219581,-4250.747017
1254280.495628,804870.219581,-4271.559210
1256293.702169,804870.219581,-4288.733276
1258306.908710,804870.219581,-4298.752073
1260320.115251,804870.219581,-4300.368981
1262333.321792,804870.219581,-4295.127100
1264346.528333,804870.219581,-4286.613075
1266359.734874,804870.219581,-4278.631954
1236161.636758,806870.744717,-4192.097774
1238174.843299,806870.744717,-4180.247259
1240188.049840,806870.744717,-4172.128305
1242201.256382,806870.744717,-4167.515229
1244214.462923,806870.744717,-4167.088294
1246227.669464,806870.744717,-4172.783756
1248240.876005,806870.744717,-4186.793773
1250254.082546,806870.744717,-4209.412304
1252267.289087,806870.744717,-4237.595101
1254280.495628,806870.744717,-4265.304079
1256293.702169,806870.744717,-4286.043250
1258306.908710,806870.744717,-4295.879981
1260320.115251,806870.744717,-4295.151990
1262333.321792,806870.744717,-4287.720881
1264346.528333,806870.744717,-4278.770184
1230122.017135,808871.269854,-4219.369348
1232135.223676,808871.269854,-4205.253792
1234148.430217,808871.269854,-4196.000227
1236161.636758,808871.269854,-4190.695099
1238174.843299,808871.269854,-4185.907533
1240188.049840,808871.269854,-4178.376858
1242201.256382,808871.269854,-4168.015886
1244214.462923,808871.269854,-4158.971434
1246227.669464,808871.269854,-4158.514638
1248240.876005,808871.269854,-4172.022117
1250254.082546,808871.269854,-4199.071947
1252267.289087,808871.269854,-4233.207981
1254280.495628,808871.269854,-4264.909830
1256293.702169,808871.269854,-4286.010162
1258306.908710,808871.269854,-4293.426770
1260320.115251,808871.269854,-4289.772558
1262333.321792,808871.269854,-4281.135353
1226095.604053,810871.794990,-4241.832072
1228108.810594,810871.794990,-4237.220218
1230122.017135,810871.794990,-4241.752530
1232135.223676,810871.794990,-4255.018308
1234148.430217,810871.794990,-4271.353384
1236161.636758,810871.794990,-4280.324620
1238174.843299,810871.794990,-4271.944125
1240188.049840,810871.794990,-4244.420092
1242201.256382,810871.794990,-4205.892236
1244214.462923,810871.794990,-4172.167585
1246227.669464,810871.794990,-4157.738988
1248240.876005,810871.794990,-4168.648064
1250254.082546,810871.794990,-4199.948573
1252267.289087,810871.794990,-4238.713324
1254280.495628,810871.794990,-4270.975229
1256293.702169,810871.794990,-4288.387701
1258306.908710,810871.794990,-4290.771584
1260320.115251,810871.794990,-4284.116220
1220055.984430,812872.320127,-4251.396482
1222069.190971,812872.320127,-4256.585796
1224082.397512,812872.320127,-4266.286172
1226095.604053,812872.320127,-4289.059027
1228108.810594,812872.320127,-4330.774190
1230122.017135,812872.320127,-4387.754113
1232135.223676,812872.320127,-4445.701648
1234148.430217,812872.320127,-4482.487083
1236161.636758,812872.320127,-4476.763162
1238174.843299,812872.320127,-4422.845593
1240188.049840,812872.320127,-4336.069412
1242201.256382,812872.320127,-4246.679232
1244214.462923,812872.320127,-4182.607516
1246227.669464,812872.320127,-4159.479178
1248240.876005,812872.320127,-4175.330416
1250254.082546,812872.320127,-4213.485010
1252267.289087,812872.320127,-4253.434206
1254280.495628,812872.320127,-4280.406826
1256293.702169,812872.320127,-4289.867186
1258306.908710,812872.320127,-4286.384681
1216029.571348,814872.845263,-4221.676953
1218042.777889,814872.845263,-4247.750170
1220055.984430,814872.845263,-4273.029249
1222069.190971,814872.845263,-4310.769394
1224082.397512,814872.845263,-4374.166323
1226095.604053,814872.845263,-4471.033459
1228108.810594,814872.845263,-4594.461886
1230122.017135,814872.845263,-4718.042201
1232135.223676,814872.845263,-4798.298673
1234148.430217,814872.845263,-4795.123243
1236161.636758,814872.845263,-4702.673797
1238174.843299,814872.845263,-4550.042834
1240188.049840,814872.845263,-4383.751655
1242201.256382,814872.845263,-4250.294782
1244214.462923,814872.845263,-4177.299304
1246227.669464,814872.845263,-4165.526882
1248240.876005,814872.845263,-4194.700253
1250254.082546,814872.845263,-4237.361138
1252267.289087,814872.845263,-4271.431332
1254280.495628,814872.845263,-4287.234467
1256293.702169,814872.845263,-4287.182444
1209989.951725,816873.370400,-4083.613457
1212003.158266,816873.370400,-4150.535646
1214016.364807,816873.370400,-4204.830496
1216029.571348,816873.370400,-4249.608395
1218042.777889,816873.370400,-4297.626124
1220055.984430,816873.370400,-4367.783731
1222069.190971,816873.370400,-4478.489244
1224082.397512,816873.370400,-4640.688808
1226095.604053,816873.370400,-4847.288021
1228108.810594,816873.370400,-5060.884354
1230122.017135,816873.370400,-5200.803746
1232135.223676,816873.370400,-5192.172156
1234148.430217,816873.370400,-5046.510232
1236161.636758,816873.370400,-4814.038988
1238174.843299,816873.370400,-4557.842357
1240188.049840,816873.370400,-4344.831601
1242201.256382,816873.370400,-4215.879822
1244214.462923,816873.370400,-4171.317854
1246227.669464,816873.370400,-4186.338802
1248240.876005,816873.370400,-4226.898022
1250254.082546,816873.370400,-4264.254752
1252267.289087,816873.370400,-4284.196824
1254280.495628,816873.370400,-4286.845854
1205963.538643,818873.895536,-3940.476839
1207976.745184,818873.895536,-4038.951082
1209989.951725,818873.895536,-4126.088342
1212003.158266,818873.895536,-4196.031666
1214016.364807,818873.895536,-4255.855751
1216029.571348,818873.895536,-4323.834550
1218042.777889,818873.895536,-4423.498557
1220055.984430,818873.895536,-4577.129250
1222069.190971,818873.895536,-4798.201864
1224082.397512,818873.895536,-5082.011543
1226095.604053,818873.895536,-5394.231487
1228108.810594,818873.895536,-5603.298500
1230122.017135,818873.895536,-5574.119435
1232135.223676,818873.895536,-5385.082720
1234148.430217,818873.895536,-5063.255262
1236161.636758,818873.895536,-4715.771026
1238174.843299,818873.895536,-4435.189096
1240188.049840,818873.895536,-4259.904490
1242201.256382,818873.895536,-4187.580113
1244214.462923,818873.895536,-4188.541183
1246227.669464,818873.895536,-4224.046024
1248240.876005,818873.895536,-4261.149539
1250254.082546,818873.895536,-4282.500941
1252267.289087,818873.895536,-4286.320130
1201937.125561,820874.420673,-3770.226578
1203950.332102,820874.420673,-3909.237711
1205963.538643,820874.420673,-4026.642413
1207976.745184,820874.420673,-4121.173038
1209989.951725,820874.420673,-4196.593645
1212003.158266,820874.420673,-4263.644425
1214016.364807,820874.420673,-4344.215027
1216029.571348,820874.420673,-4463.933130
1218042.777889,820874.420673,-4645.376575
1220055.984430,820874.420673,-4900.097271
1222069.190971,820874.420673,-5218.139628
1224082.397512,820874.420673,-5555.457961
1226095.604053,820874.420673,-5774.511449
1228108.810594,820874.420673,-5800.398657
1230122.017135,820874.420673,-5624.529715
1232135.223676,820874.420673,-5214.443297
1234148.430217,820874.420673,-4797.399925
1236161.636758,820874.420673,-4486.729128
1238174.843299,820874.420673,-4290.718994
1240188.049840,820874.420673,-4205.413683
1242201.256382,820874.420673,-4198.083056
1244214.462923,820874.420673,-4228.759130
1246227.669464,820874.420673,-4263.269025
1248240.876005,820874.420673,-4283.370075
1250254.082546,820874.420673,-4286.570838
1197910.712479,822874.945809,-3815.081767
1199923.919020,822874.945809,-3848.196188
1201937.125561,822874.945809,-3949.182540
1203950.332102,822874.945809,-4050.962028
1205963.538643,822874.945809,-4136.515311
1207976.745184,822874.945809,-4205.537245
1209989.951725,822874.945809,-4270.868894
1212003.158266,822874.945809,-4355.035397
1214016.364807,822874.945809,-4482.175157
1216029.571348,822874.945809,-4670.747239
1218042.777889,822874.945809,-4925.069740
1220055.984430,822874.945809,-5223.769414
1222069.190971,822874.945809,-5511.302405
1224082.397512,822874.945809,-5705.656333
1226095.604053,822874.945809,-5762.718507
1228108.810594,822874.945809,-5630.256389
1230122.017135,822874.945809,-5173.667993
1232135.223676,822874.945809,-4770.198471
1234148.430217,822874.945809,-4478.591749
1236161.636758,822874.945809,-4295.375951
1238174.843299,822874.945809,-4216.926855
1240188.049840,822874.945809,-4210.637651
1242201.256382,822874.945809,-4238.864941
1244214.462923,822874.945809,-4269.692877
1246227.669464,822874.945809,-4286.605936
1248240.876005,822874.945809,-4287.829900
1195897.505938,824875.470946,-3936.865950
1197910.712479,824875.470946,-3965.380575
1199923.919020,824875.470946,-4031.012827
1201937.125561,824875.470946,-4102.774312
1203950.332102,824875.470946,-4166.391532
1205963.538643,824875.470946,-4220.722477
1207976.745184,824875.470946,-4278.231572
1209989.951725,824875.470946,-4359.237374
1212003.158266,824875.470946,-4483.306673
1214016.364807,824875.470946,-4661.625582
1216029.571348,824875.470946,-4888.754376
1218042.777889,824875.470946,-5134.672218
1220055.984430,824875.470946,-5348.963221
1222069.190971,824875.470946,-5474.425766
1224082.397512,824875.470946,-5465.514552
1226095.604053,824875.470946,-5270.928181
1228108.810594,824875.470946,-4945.595193
1230122.017135,824875.470946,-4640.977874
1232135.223676,824875.470946,-4410.726325
1234148.430217,824875.470946,-4271.764386
1236161.636758,824875.470946,-4218.497065
1238174.843299,824875.470946,-4222.367435
1240188.049840,824875.470946,-4250.868259
1242201.256382,824875.470946,-4277.757186
1244214.462923,824875.470946,-4290.437748
1246227.669464,824875.470946,-4288.995325
1193884.299397,826875.996082,-4061.667531
1195897.505938,826875.996082,-4081.279725
1197910.712479,826875.996082,-4120.000332
1199923.919020,826875.996082,-4163.210625
1201937.125561,826875.996082,-4203.019103
1203950.332102,826875.996082,-4241.813933
1205963.538643,826875.996082,-4291.234517
1207976.745184,826875.996082,-4367.804380
1209989.951725,826875.996082,-4484.405201
1212003.158266,826875.996082,-4643.052415
1214016.364807,826875.996082,-4828.460910
1216029.571348,826875.996082,-5005.946209
1218042.777889,826875.996082,-5130.471414
1220055.984430,826875.996082,-5160.023656
1222069.190971,826875.996082,-5072.538698
1224082.397512,826875.996082,-4882.458921
1226095.604053,826875.996082,-4653.002002
1228108.810594,826875.996082,-4451.179192
1230122.017135,826875.996082,-4305.332238
1232135.223676,826875.996082,-4229.247683
1234148.430217,826875.996082,-4212.191752
1236161.636758,826875.996082,-4231.474136
1238174.843299,826875.996082,-4261.619267
1240188.049840,826875.996082,-4284.231531
1242201.256382,826875.996082,-4292.067580
1244214.462923,826875.996082,-4287.869868
1189857.886314,828876.521219,-4168.397160
1191871.092855,828876.521219,-4165.507678
1193884.299397,828876.521219,-4176.890746
1195897.505938,828876.521219,-4196.617705
1197910.712479,828876.521219,-4218.585560
1199923.919020,828876.521219,-4241.449311
1201937.125561,828876.521219,-4271.039797
1203950.332102,828876.521219,-4318.354241
1205963.538643,828876.521219,-4395.364416
1207976.745184,828876.521219,-4507.388433
1209989.951725,828876.521219,-4646.474123
1212003.158266,828876.521219,-4786.447983
1214016.364807,828876.521219,-4887.600158
1216029.571348,828876.521219,-4909.915265
1218042.777889,828876.521219,-4833.444215
1220055.984430,828876.521219,-4685.842945
1222069.190971,828876.521219,-4507.068144
1224082.397512,828876.521219,-4353.058080
1226095.604053,828876.521219,-4247.380450
1228108.810594,828876.521219,-4191.201921
1230122.017135,828876.521219,-4181.953970
1232135.223676,828876.521219,-4203.917683
1234148.430217,828876.521219,-4239.107898
1236161.636758,828876.521219,-4270.043676
1238174.843299,828876.521219,-4287.099356
1240188.049840,828876.521219,-4289.348888
1242201.256382,828876.521219,-4282.484387
1187844.679773,830877.046355,-4237.648230
1189857.886314,830877.046355,-4238.587864
1191871.092855,830877.046355,-4244.111347
1193884.299397,830877.046355,-4252.243697
1195897.505938,830877.046355,-4262.735945
1197910.712479,830877.046355,-4279.646275
1199923.919020,830877.046355,-4311.125232
1201937.125561,830877.046355,-4366.988214
1203950.332102,830877.046355,-4453.263244
1205963.538643,830877.046355,-4566.193861
1207976.745184,830877.046355,-4689.331763
1209989.951725,830877.046355,-4788.712303
1212003.158266,830877.046355,-4812.594462
1214016.364807,830877.046355,-4715.173684
1216029.571348,830877.046355,-4522.625013
1218042.777889,830877.046355,-4333.103723
1220055.984430,830877.046355,-4149.341210
1222069.190971,830877.046355,-4066.725921
1224082.397512,830877.046355,-4060.922921
1226095.604053,830877.046355,-4092.034804
1228108.810594,830877.046355,-4144.624648
1230122.017135,830877.046355,-4202.235415
1232135.223676,830877.046355,-4249.711322
1234148.430217,830877.046355,-4278.343063
1236161.636758,830877.046355,-4287.524449
1238174.843299,830877.046355,-4282.912957
1240188.049840,830877.046355,-4273.036515
1183818.266691,832877.571491,-4273.593717
1185831.473232,832877.571491,-4275.957481
1187844.679773,832877.571491,-4278.275234
1189857.886314,832877.571491,-4280.268608
1191871.092855,832877.571491,-4283.414032
1193884.299397,832877.571491,-4292.085925
1195897.505938,832877.571491,-4314.520013
1197910.712479,832877.571491,-4360.324020
1199923.919020,832877.571491,-4437.353695
1201937.125561,832877.571491,-4544.780653
1203950.332102,832877.571491,-4667.780047
1205963.538643,832877.571491,-4779.880020
1207976.745184,832877.571491,-4841.276494
1209989.951725,832877.571491,-4782.091167
1212003.158266,832877.571491,-4528.937828
1214016.364807,832877.571491,-4233.256053
1216029.571348,832877.571491,-3943.444713
1218042.777889,832877.571491,-3793.522987
1220055.984430,832877.571491,-3797.631497
1222069.190971,832877.571491,-3905.886947
1224082.397512,832877.571491,-4021.648049
1226095.604053,832877.571491,-4129.166606
1228108.810594,832877.571491,-4215.193736
1230122.017135,832877.571491,-4269.570781
1232135.223676,832877.571491,-4292.084322
1234148.430217,832877.571491,-4290.737399
1236161.636758,832877.571491,-4277.411628
1238174.843299,832877.571491,-4263.278203
1181805.060150,834878.096628,-4279.902824
1183818.266691,834878.096628,-4284.412016
1185831.473232,834878.096628,-4285.502003
1187844.679773,834878.096628,-4284.722576
1189857.886314,834878.096628,-4287.181948
1191871.092855,834878.096628,-4301.273956
1193884.299397,834878.096628,-4338.270903
1195897.505938,834878.096628,-4408.215028
1197910.712479,834878.096628,-4516.397443
1199923.919020,834878.096628,-4656.433864
1201937.125561,834878.096628,-4802.908329
1203950.332102,834878.096628,-4909.576839
1205963.538643,834878.096628,-4908.001843
1207976.745184,834878.096628,-4755.659312
1209989.951725,834878.096628,-4280.161328
1212003.158266,834878.096628,-3807.276269
1214016.364807,834878.096628,-3595.749974
1216029.571348,834878.096628,-3501.313972
1218042.777889,834878.096628,-3615.369127
1220055.984430,834878.096628,-3804.383260
1222069.190971,834878.096628,-3987.423924
1224082.397512,834878.096628,-4140.490855
1226095.604053,834878.096628,-4247.534139
1228108.810594,834878.096628,-4304.311631
1230122.017135,834878.096628,-4317.980468
1232135.223676,834878.096628,-4304.096842
1234148.430217,834878.096628,-4280.257504
1236161.636758,834878.096628,-4260.131909
1179791.853609,836878.621764,-4265.441669
1181805.060150,836878.621764,-4266.316385
1183818.266691,836878.621764,-4262.229234
1185831.473232,836878.621764,-4257.317561
1187844.679773,836878.621764,-4260.595405
1189857.886314,836878.621764,-4283.974275
1191871.092855,836878.621764,-4340.048307
1193884.299397,836878.621764,-4436.950833
1195897.505938,836878.621764,-4575.526259
1197910.712479,836878.621764,-4746.413959
1199923.919020,836878.621764,-4919.862917
1201937.125561,836878.621764,-5008.492327
1203950.332102,836878.621764,-4850.337651
1205963.538643,836878.621764,-4459.419330
1209989.951725,836878.621764,-3422.107637
1212003.158266,836878.621764,-3294.410466
1214016.364807,836878.621764,-3361.085277
1216029.571348,836878.621764,-3536.786996
1218042.777889,836878.621764,-3762.485717
1220055.984430,836878.621764,-3989.307727
1222069.190971,836878.621764,-4175.070902
1224082.397512,836878.621764,-4297.799898
1226095.604053,836878.621764,-4355.082851
1228108.810594,836878.621764,-4359.613763
1230122.017135,836878.621764,-4333.207701
1232135.223676,836878.621764,-4298.198376
1234148.430217,836878.621764,-4270.540048
1175765.440527,838879.146901,-4236.533121
1177778.647068,838879.146901,-4232.929986
1179791.853609,838879.146901,-4223.045965
1181805.060150,838879.146901,-4208.873125
1183818.266691,838879.146901,-4197.526185
1185831.473232,838879.146901,-4201.665282
1187844.679773,838879.146901,-4235.791788
1189857.886314,838879.146901,-4311.142879
1191871.092855,838879.146901,-4429.253061
1193884.299397,838879.146901,-4582.884150
1195897.505938,838879.146901,-4761.799576
1197910.712479,838879.146901,-4954.288641
1199923.919020,838879.146901,-5055.738600
1201937.125561,838879.146901,-4632.600683
1205963.538643,838879.146901,-2921.580305
1207976.745184,838879.146901,-2915.067966
1209989.951725,838879.146901,-3045.496501
1212003.158266,838879.146901,-3232.747913
1214016.364807,838879.146901,-3475.239438
1216029.571348,838879.146901,-3747.562233
1218042.777889,838879.146901,-4009.666654
1220055.984430,838879.146901,-4219.550325
1222069.190971,838879.146901,-4355.109630
1224082.397512,838879.146901,-4414.052034
1226095.604053,838879.146901,-4412.321040
1228108.810594,838879.146901,-4376.178053
1230122.017135,838879.146901,-4331.411557
1232135.223676,838879.146901,-4295.913445
1173752.233986,840879.672037,-4204.665199
1175765.440527,840879.672037,-4180.107742
1177778.647068,840879.672037,-4151.078753
1179791.853609,840879.672037,-4122.229373
1181805.060150,840879.672037,-4103.516131
1183818.266691,840879.672037,-4110.792481
1185831.473232,840879.672037,-4159.076773
1187844.679773,840879.672037,-4252.973966
1189857.886314,840879.672037,-4380.983029
1191871.092855,840879.672037,-4523.527051
1193884.299397,840879.672037,-4663.121215
1195897.505938,840879.672037,-4783.507658
1197910.712479,840879.672037,-4777.542220
1199923.919020,840879.672037,-4124.315620
1201937.125561,840879.672037,-3048.133163
1203950.332102,840879.672037,-2175.783788
1205963.538643,840879.672037,-2492.586533
1207976.745184,840879.672037,-2824.675485
1209989.951725,840879.672037,-3120.041934
1212003.158266,840879.672037,-3421.278170
1214016.364807,840879.672037,-3733.198589
1216029.571348,840879.672037,-4022.481726
1218042.777889,840879.672037,-4251.817915
1220055.984430,840879.672037,-4399.899850
1222069.190971,840879.672037,-4464.104747
1224082.397512,840879.672037,-4461.282328
1226095.604053,840879.672037,-4420.136500
1228108.810594,840879.672037,-4369.073667
1230122.017135,840879.672037,-4327.840144
1169725.820904,842880.197174,-4218.553018
1171739.027445,842880.197174,-4163.538936
1173752.233986,842880.197174,-4102.668978
1175765.440527,842880.197174,-4045.431142
1177778.647068,842880.197174,-3999.566621
1179791.853609,842880.197174,-3976.069557
1181805.060150,842880.197174,-3993.527391
1183818.266691,842880.197174,-4066.208407
1185831.473232,842880.197174,-4181.133359
1187844.679773,842880.197174,-4306.601256
1189857.886314,842880.197174,-4413.822026
1191871.092855,842880.197174,-4473.111416
1193884.299397,842880.197174,-4436.896052
1195897.505938,842880.197174,-4177.819880
1199923.919020,842880.197174,-2793.009463
1201937.125561,842880.197174,-2483.954180
1203950.332102,842880.197174,-2435.786321
1205963.538643,842880.197174,-2690.981689
1207976.745184,842880.197174,-3038.266838
1209989.951725,842880.197174,-3381.457153
1212003.158266,842880.197174,-3707.667199
1214016.364807,842880.197174,-4007.162461
1216029.571348,842880.197174,-4249.277777
1218042.777889,842880.197174,-4408.938102
1220055.984430,842880.197174,-4480.723894
1222069.190971,842880.197174,-4481.186849
1224082.397512,842880.197174,-4440.411844
1226095.604053,842880.197174,-4388.712743
1228108.810594,842880.197174,-4347.242581
1167712.614363,844880.722310,-4237.673802
1169725.820904,844880.722310,-4119.742995
1171739.027445,844880.722310,-4002.663089
1173752.233986,844880.722310,-3909.119073
1175765.440527,844880.722310,-3849.308199
1177778.647068,844880.722310,-3830.108203
1179791.853609,844880.722310,-3867.574651
1181805.060150,844880.722310,-3978.456071
1183818.266691,844880.722310,-4119.384053
1185831.473232,844880.722310,-4232.596769
1187844.679773,844880.722310,-4294.435705
1189857.886314,844880.722310,-4277.011883
1191871.092855,844880.722310,-4143.416659
1193884.299397,844880.722310,-3871.224866
1195897.505938,844880.722310,-3494.097632
1197910.712479,844880.722310,-3061.441187
1199923.919020,844880.722310,-2837.843606
1201937.125561,844880.722310,-2683.257671
1203950.332102,844880.722310,-2800.789420
1205963.538643,844880.722310,-3064.284691
1207976.745184,844880.722310,-3360.177209
1209989.951725,844880.722310,-3661.972385
1212003.158266,844880.722310,-3952.117422
1214016.364807,844880.722310,-4195.664282
1216029.571348,844880.722310,-4360.644308
1218042.777889,844880.722310,-4437.778230
1220055.984430,844880.722310,-4443.448750
1222069.190971,844880.722310,-4408.062076
1224082.397512,844880.722310,-4362.796778
1226095.604053,844880.722310,-4329.793190
1165699.407822,846881.247447,-4307.122755
1167712.614363,846881.247447,-4095.645183
1169725.820904,846881.247447,-3899.572680
1171739.027445,846881.247447,-3765.054774
1173752.233986,846881.247447,-3701.210538
1175765.440527,846881.247447,-3703.193416
1177778.647068,846881.247447,-3764.764970
1179791.853609,846881.247447,-3927.621848
1181805.060150,846881.247447,-4084.466224
1183818.266691,846881.247447,-4180.396704
1185831.473232,846881.247447,-4204.177001
1187844.679773,846881.247447,-4146.445773
1189857.886314,846881.247447,-4007.998702
1191871.092855,846881.247447,-3786.918785
1195897.505938,846881.247447,-3384.735842
1197910.712479,846881.247447,-3196.838372
1199923.919020,846881.247447,-3049.206319
1201937.125561,846881.247447,-3051.277855
1203950.332102,846881.247447,-3168.519975
1205963.538643,846881.247447,-3354.254484
1207976.745184,846881.247447,-3594.084021
1209989.951725,846881.247447,-3857.993133
1212003.158266,846881.247447,-4086.802686
1214016.364807,846881.247447,-4242.610420
1216029.571348,846881.247447,-4317.451492
1218042.777889,846881.247447,-4326.751461
1220055.984430,846881.247447,-4300.205060
1222069.190971,846881.247447,-4268.938299
1224082.397512,846881.247447,-4255.445344
1226095.604053,846881.247447,-4266.006260
1161672.994740,848881.772583,-4734.728278
1163686.201281,848881.772583,-4456.013996
1165699.407822,848881.772583,-4127.532527
1167712.614363,848881.772583,-3846.033089
1169725.820904,848881.772583,-3667.545290
1171739.027445,848881.772583,-3604.029858
1173752.233986,848881.772583,-3639.207195
1175765.440527,848881.772583,-3757.713063
1177778.647068,848881.772583,-3928.241993
1179791.853609,848881.772583,-4075.360494
1181805.060150,848881.772583,-4154.560555
1183818.266691,848881.772583,-4156.881464
1185831.473232,848881.772583,-4092.592551
1187844.679773,848881.772583,-3986.711667
1189857.886314,848881.772583,-3865.734882
1191871.092855,848881.772583,-3801.321808
1193884.299397,848881.772583,-3679.186840
1195897.505938,848881.772583,-3504.328606
1197910.712479,848881.772583,-3357.000411
1199923.919020,848881.772583,-3291.961119
1201937.125561,848881.772583,-3294.965280
1203950.332102,848881.772583,-3355.465751
1205963.538643,848881.772583,-3518.958865
1207976.745184,848881.772583,-3739.565628
1209989.951725,848881.772583,-3928.618174
1212003.158266,848881.772583,-4054.826728
1214016.364807,848881.772583,-4116.492334
1216029.571348,848881.772583,-4125.843977
1218042.777889,848881.772583,-4108.369736
1220055.984430,848881.772583,-4097.931858
1222069.190971,848881.772583,-4119.758549
1224082.397512,848881.772583,-4175.228427
1159659.788199,850882.297720,-5099.694850
1161672.994740,850882.297720,-4705.582303
1163686.201281,850882.297720,-4266.953301
1165699.407822,850882.297720,-3922.566101
1167712.614363,850882.297720,-3698.621173
1169725.820904,850882.297720,-3616.462436
1171739.027445,850882.297720,-3657.224026
1173752.233986,850882.297720,-3785.553602
1175765.440527,850882.297720,-3945.038262
1177778.647068,850882.297720,-4076.742616
1179791.853609,850882.297720,-4145.003829
1181805.060150,850882.297720,-4142.390186
1183818.266691,850882.297720,-4087.775833
1185831.473232,850882.297720,-4004.563455
1187844.679773,850882.297720,-3942.708389
1189857.886314,850882.297720,-3863.583049
1191871.092855,850882.297720,-3828.632589
1193884.299397,850882.297720,-3712.569019
1195897.505938,850882.297720,-3593.868808
1197910.712479,850882.297720,-3515.587320
1199923.919020,850882.297720,-3459.767648
1201937.125561,850882.297720,-3411.296897
1203950.332102,850882.297720,-3496.879688
1205963.538643,850882.297720,-3624.601649
1207976.745184,850882.297720,-3737.922286
1209989.951725,850882.297720,-3816.364536
1212003.158266,850882.297720,-3856.056067
1214016.364807,850882.297720,-3863.143514
1216029.571348,850882.297720,-3854.079406
1218042.777889,850882.297720,-3867.619983
1220055.984430,850882.297720,-3942.163311
1222069.190971,850882.297720,-4066.882264
1155633.375117,852882.822856,-5945.509472
1159659.788199,852882.822856,-5084.711926
1161672.994740,852882.822856,-4621.600029
1163686.201281,852882.822856,-4235.710422
1165699.407822,852882.822856,-3953.625303
1167712.614363,852882.822856,-3806.261128
1169725.820904,852882.822856,-3784.371557
1171739.027445,852882.822856,-3855.778438
1173752.233986,852882.822856,-3972.384048
1175765.440527,852882.822856,-4081.774985
1177778.647068,852882.822856,-4142.990394
1179791.853609,852882.822856,-4144.631320
1181805.060150,852882.822856,-4101.776433
1183818.266691,852882.822856,-4048.769902
1185831.473232,852882.822856,-4005.754962
1187844.679773,852882.822856,-3956.332428
1189857.886314,852882.822856,-3917.753269
1191871.092855,852882.822856,-3846.043354
1193884.299397,852882.822856,-3771.411511
1195897.505938,852882.822856,-3713.425226
1197910.712479,852882.822856,-3645.245327
1199923.919020,852882.822856,-3553.069010
1201937.125561,852882.822856,-3521.516771
1203950.332102,852882.822856,-3516.144390
1205963.538643,852882.822856,-3526.923683
1207976.745184,852882.822856,-3552.718176
1209989.951725,852882.822856,-3583.678229
1212003.158266,852882.822856,-3597.188740
1214016.364807,852882.822856,-3602.460035
1216029.571348,852882.822856,-3646.309161
1218042.777889,852882.822856,-3786.416763
1220055.984430,852882.822856,-3986.576033
1153620.168576,854883.347993,-6516.608995
1157646.581658,854883.347993,-5788.049069
1159659.788199,854883.347993,-5331.005064
1161672.994740,854883.347993,-4879.968757
1163686.201281,854883.347993,-4481.380109
1165699.407822,854883.347993,-4197.007248
1167712.614363,854883.347993,-4033.293301
1169725.820904,854883.347993,-3990.892341
1171739.027445,854883.347993,-4031.436755
1173752.233986,854883.347993,-4104.236389
1175765.440527,854883.347993,-4155.032095
1177778.647068,854883.347993,-4161.317259
1179791.853609,854883.347993,-4133.446638
1181805.060150,854883.347993,-4097.584310
1183818.266691,854883.347993,-4065.287555
1185831.473232,854883.347993,-4031.313804
1187844.679773,854883.347993,-3992.603810
1189857.886314,854883.347993,-3948.090482
1191871.092855,854883.347993,-3899.438771
1193884.299397,854883.347993,-3840.316300
1195897.505938,854883.347993,-3751.643375
1197910.712479,854883.347993,-3640.635523
1199923.919020,854883.347993,-3523.476661
1201937.125561,854883.347993,-3405.389547
1203950.332102,854883.347993,-3309.790624
1205963.538643,854883.347993,-3283.916426
1207976.745184,854883.347993,-3349.293755
1209989.951725,854883.347993,-3399.604224
1212003.158266,854883.347993,-3427.291426
1214016.364807,854883.347993,-3494.729412
1216029.571348,854883.347993,-3722.423434
1218042.777889,854883.347993,-3977.374714
1151606.962035,856883.873129,-6590.370628
1153620.168576,856883.873129,-6923.874074
1155633.375117,856883.873129,-6842.706563
1157646.581658,856883.873129,-6403.219043
1159659.788199,856883.873129,-5799.414854
1161672.994740,856883.873129,-5197.736186
1163686.201281,856883.873129,-4729.343969
1165699.407822,856883.873129,-4373.436565
1167712.614363,856883.873129,-4197.206905
1169725.820904,856883.873129,-4151.336046
1171739.027445,856883.873129,-4175.712199
1173752.233986,856883.873129,-4203.511139
1175765.440527,856883.873129,-4203.338977
1177778.647068,856883.873129,-4180.216031
1179791.853609,856883.873129,-4152.002430
1181805.060150,856883.873129,-4129.985561
1183818.266691,856883.873129,-4103.838959
1185831.473232,856883.873129,-4062.008727
1187844.679773,856883.873129,-4027.940534
1189857.886314,856883.873129,-3987.724848
1191871.092855,856883.873129,-3926.366737
1193884.299397,856883.873129,-3831.263663
1195897.505938,856883.873129,-3696.118290
1197910.712479,856883.873129,-3523.226240
1199923.919020,856883.873129,-3332.655961
1201937.125561,856883.873129,-3167.740264
1203950.332102,856883.873129,-3104.617170
1205963.538643,856883.873129,-3217.112511
1207976.745184,856883.873129,-3312.946432
1209989.951725,856883.873129,-3391.563232
1212003.158266,856883.873129,-3517.387961
1214016.364807,856883.873129,-3781.385514
1216029.571348,856883.873129,-4032.326098
1147580.548953,858884.398266,-6673.213260
1149593.755494,858884.398266,-6536.470982
1151606.962035,858884.398266,-7993.412968
1153620.168576,858884.398266,-8123.869168
1155633.375117,858884.398266,-7611.527403
1157646.581658,858884.398266,-6727.595245
1159659.788199,858884.398266,-5920.877993
1161672.994740,858884.398266,-5234.369816
1163686.201281,858884.398266,-4732.737822
1165699.407822,858884.398266,-4454.168049
1167712.614363,858884.398266,-4345.001539
1169725.820904,858884.398266,-4322.422261
1171739.027445,858884.398266,-4313.315488
1173752.233986,858884.398266,-4289.790912
1175765.440527,858884.398266,-4254.284483
1177778.647068,858884.398266,-4223.203758
1179791.853609,858884.398266,-4204.272275
1181805.060150,858884.398266,-4180.154883
1183818.266691,858884.398266,-4126.321735
1185831.473232,858884.398266,-4086.303667
1187844.679773,858884.398266,-4046.990036
1189857.886314,858884.398266,-3988.331132
1191871.092855,858884.398266,-3893.497888
1193884.299397,858884.398266,-3749.090807
1195897.505938,858884.398266,-3556.773847
1197910.712479,858884.398266,-3344.309265
1199923.919020,858884.398266,-3173.534135
1201937.125561,858884.398266,-3135.389679
1203950.332102,858884.398266,-3219.418116
1205963.538643,858884.398266,-3329.008659
1207976.745184,858884.398266,-3462.947563
1209989.951725,858884.398266,-3649.602367
1212003.158266,858884.398266,-3879.577071
1214016.364807,858884.398266,-4096.833799
1145567.342412,860884.923402,-6560.678242
1147580.548953,860884.923402,-6679.076359
1149593.755494,860884.923402,-9066.294713
1151606.962035,860884.923402,-9192.912896
1153620.168576,860884.923402,-8561.981666
1155633.375117,860884.923402,-7353.495946
1157646.581658,860884.923402,-6384.399509
1159659.788199,860884.923402,-5634.721503
1161672.994740,860884.923402,-5053.474393
1163686.201281,860884.923402,-4733.960862
1165699.407822,860884.923402,-4594.772647
1167712.614363,860884.923402,-4530.313579
1169725.820904,860884.923402,-4480.901321
1171739.027445,860884.923402,-4424.154552
1173752.233986,860884.923402,-4366.725683
1175765.440527,860884.923402,-4321.105975
1177778.647068,860884.923402,-4294.909402
1179791.853609,860884.923402,-4259.832068
1181805.060150,860884.923402,-4187.076567
1183818.266691,860884.923402,-4129.582365
1185831.473232,860884.923402,-4085.316183
1187844.679773,860884.923402,-4029.955203
1189857.886314,860884.923402,-3944.829470
1191871.092855,860884.923402,-3813.200584
1193884.299397,860884.923402,-3635.175982
1195897.505938,860884.923402,-3435.700748
1197910.712479,860884.923402,-3266.578584
1199923.919020,860884.923402,-3230.942126
1201937.125561,860884.923402,-3300.291558
1203950.332102,860884.923402,-3395.663110
1205963.538643,860884.923402,-3533.184444
1207976.745184,860884.923402,-3709.737372
1209989.951725,860884.923402,-3911.650090
1212003.158266,860884.923402,-4113.358988
1143554.135870,862885.448538,-6346.444898
1147580.548953,862885.448538,-9108.627002
1149593.755494,862885.448538,-9453.622450
1151606.962035,862885.448538,-8743.295514
1153620.168576,862885.448538,-7489.033576
1155633.375117,862885.448538,-6596.816426
1157646.581658,862885.448538,-5855.767037
1159659.788199,862885.448538,-5370.205173
1161672.994740,862885.448538,-5056.906003
1163686.201281,862885.448538,-4904.991406
1165699.407822,862885.448538,-4791.475666
1167712.614363,862885.448538,-4693.024939
1169725.820904,862885.448538,-4594.791587
1171739.027445,862885.448538,-4513.030256
1173752.233986,862885.448538,-4453.316741
1175765.440527,862885.448538,-4410.248360
1179791.853609,862885.448538,-4253.316639
1181805.060150,862885.448538,-4169.865778
1183818.266691,862885.448538,-4113.430555
1185831.473232,862885.448538,-4061.301037
1187844.679773,862885.448538,-3993.878637
1189857.886314,862885.448538,-3890.476004
1191871.092855,862885.448538,-3746.691847
1193884.299397,862885.448538,-3580.913475
1195897.505938,862885.448538,-3435.799933
1197910.712479,862885.448538,-3387.040117
1199923.919020,862885.448538,-3403.912183
1201937.125561,862885.448538,-3451.565964
1203950.332102,862885.448538,-3542.820483
1205963.538643,862885.448538,-3676.259870
1207976.745184,862885.448538,-3849.266542
1209989.951725,862885.448538,-4044.192022
1139527.722788,864885.973675,-5579.580740
1141540.929329,864885.973675,-5988.850121
1143554.135870,864885.973675,-7812.262657
1145567.342412,864885.973675,-7936.664619
1147580.548953,864885.973675,-8225.601064
1149593.755494,864885.973675,-7810.590763
1151606.962035,864885.973675,-7091.868743
1153620.168576,864885.973675,-6432.506686
1155633.375117,864885.973675,-5980.054526
1157646.581658,864885.973675,-5634.753868
1159659.788199,864885.973675,-5419.292121
1161672.994740,864885.973675,-5254.138293
1163686.201281,864885.973675,-5119.425529
1165699.407822,864885.973675,-4977.473253
1167712.614363,864885.973675,-4820.282626
1169725.820904,864885.973675,-4706.650764
1171739.027445,864885.973675,-4629.683402
1173752.233986,864885.973675,-4562.645949
1177778.647068,864885.973675,-4337.316726
1179791.853609,864885.973675,-4218.702774
1181805.060150,864885.973675,-4145.450397
1183818.266691,864885.973675,-4096.478694
1185831.473232,864885.973675,-4049.650178
1187844.679773,864885.973675,-3979.637344
1189857.886314,864885.973675,-3875.138247
1191871.092855,864885.973675,-3747.202251
1193884.299397,864885.973675,-3627.269182
1195897.505938,864885.973675,-3542.166419
1197910.712479,864885.973675,-3487.168479
1199923.919020,864885.973675,-3461.740571
1201937.125561,864885.973675,-3474.627195
1203950.332102,864885.973675,-3542.017966
1205963.538643,864885.973675,-3682.958783
1207976.745184,864885.973675,-3880.685175
1137514.516247,866886.498811,-5189.912045
1139527.722788,866886.498811,-5621.773665
1141540.929329,866886.498811,-6625.863721
1143554.135870,866886.498811,-6705.268802
1145567.342412,866886.498811,-6908.495880
1147580.548953,866886.498811,-6795.131027
1149593.755494,866886.498811,-6539.376035
1153620.168576,866886.498811,-5969.500477
1155633.375117,866886.498811,-5791.796473
1157646.581658,866886.498811,-5732.022982
1159659.788199,866886.498811,-5669.381966
1161672.994740,866886.498811,-5556.625021
1163686.201281,866886.498811,-5329.533497
1165699.407822,866886.498811,-5140.379182
1167712.614363,866886.498811,-4979.837397
1169725.820904,866886.498811,-4867.252809
1171739.027445,866886.498811,-4757.048302
1173752.233986,866886.498811,-4606.221091
1175765.440527,866886.498811,-4443.392570
1177778.647068,866886.498811,-4286.778921
1179791.853609,866886.498811,-4195.346054
1181805.060150,866886.498811,-4149.136806
1183818.266691,866886.498811,-4121.598933
1185831.473232,866886.498811,-4082.281720
1187844.679773,866886.498811,-4010.397076
1189857.886314,866886.498811,-3905.972861
1191871.092855,866886.498811,-3783.593257
1193884.299397,866886.498811,-3658.763351
1195897.505938,866886.498811,-3539.114586
1197910.712479,866886.498811,-3430.110665
1199923.919020,866886.498811,-3342.769619
1201937.125561,866886.498811,-3322.719031
1203950.332102,866886.498811,-3438.824231
1205963.538643,866886.498811,-3650.400218
1135501.309706,868887.023948,-4838.474704
1137514.516247,868887.023948,-5265.647880
1139527.722788,868887.023948,-5712.552862
1141540.929329,868887.023948,-5783.319087
1143554.135870,868887.023948,-5967.567851
1145567.342412,868887.023948,-6034.898058
1147580.548953,868887.023948,-6029.758718
1151606.962035,868887.023948,-6002.160866
1153620.168576,868887.023948,-6058.010942
1155633.375117,868887.023948,-6180.550254
1157646.581658,868887.023948,-6203.420408
1159659.788199,868887.023948,-6116.627384
1161672.994740,868887.023948,-5923.896712
1163686.201281,868887.023948,-5626.594857
1165699.407822,868887.023948,-5356.544686
1167712.614363,868887.023948,-5150.720808
1169725.820904,868887.023948,-4968.597723
1171739.027445,868887.023948,-4776.518982
1173752.233986,868887.023948,-4568.292439
1175765.440527,868887.023948,-4379.660187
1177778.647068,868887.023948,-4273.444402
1179791.853609,868887.023948,-4230.969890
1181805.060150,868887.023948,-4219.336698
1183818.266691,868887.023948,-4203.967461
1185831.473232,868887.023948,-4153.886814
1187844.679773,868887.023948,-4057.638409
1189857.886314,868887.023948,-3921.058629
1191871.092855,868887.023948,-3758.190470
1193884.299397,868887.023948,-3581.076291
1195897.505938,868887.023948,-3396.858674
1197910.712479,868887.023948,-3217.561847
1199923.919020,868887.023948,-3092.160865
1201937.125561,868887.023948,-3208.410648
1203950.332102,868887.023948,-3409.255778
1131474.896624,870887.549084,-4196.939955
1133488.103165,870887.549084,-4545.394183
1137514.516247,870887.549084,-5099.762078
1139527.722788,870887.549084,-5229.334058
1141540.929329,870887.549084,-5384.305218
1143554.135870,870887.549084,-5536.752584
1145567.342412,870887.549084,-5720.439082
1147580.548953,870887.549084,-5894.787631
1149593.755494,870887.549084,-6125.820874
1151606.962035,870887.549084,-6419.231159
1153620.168576,870887.549084,-6766.079069
1155633.375117,870887.549084,-6894.095035
1159659.788199,870887.549084,-6625.240274
1161672.994740,870887.549084,-6224.811072
1163686.201281,870887.549084,-5744.997797
1165699.407822,870887.549084,-5397.051496
1167712.614363,870887.549084,-5148.858107
1169725.820904,870887.549084,-4937.587819
1171739.027445,870887.549084,-4705.007278
1173752.233986,870887.549084,-4494.002024
1175765.440527,870887.549084,-4377.428624
1177778.647068,870887.549084,-4344.729103
1179791.853609,870887.549084,-4349.877303
1181805.060150,870887.549084,-4351.983805
1183818.266691,870887.549084,-4313.766452
1185831.473232,870887.549084,-4215.314454
1187844.679773,870887.549084,-4058.082768
1189857.886314,870887.549084,-3859.727114
1191871.092855,870887.549084,-3638.728685
1193884.299397,870887.549084,-3409.061221
1195897.505938,870887.549084,-3192.736326
1197910.712479,870887.549084,-3059.201668
1199923.919020,870887.549084,-3068.824679
1201937.125561,870887.549084,-3190.744801
1129461.690083,872888.074221,-4034.647739
1131474.896624,872888.074221,-4344.738153
1137514.516247,872888.074221,-4902.044002
1139527.722788,872888.074221,-5061.997450
1141540.929329,872888.074221,-5259.127030
1143554.135870,872888.074221,-5551.812283
1145567.342412,872888.074221,-5896.930732
1147580.548953,872888.074221,-6277.433984
1149593.755494,872888.074221,-6752.552895
1151606.962035,872888.074221,-7334.860306
1153620.168576,872888.074221,-7658.036069
1155633.375117,872888.074221,-7429.237317
1157646.581658,872888.074221,-7112.960662
1159659.788199,872888.074221,-6587.470781
1161672.994740,872888.074221,-6049.393572
1163686.201281,872888.074221,-5671.477415
1165699.407822,872888.074221,-5362.362604
1169725.820904,872888.074221,-4848.049953
1171739.027445,872888.074221,-4619.163861
1173752.233986,872888.074221,-4499.680405
1175765.440527,872888.074221,-4477.784427
1177778.647068,872888.074221,-4508.464782
1179791.853609,872888.074221,-4531.062262
1181805.060150,872888.074221,-4496.735376
1183818.266691,872888.074221,-4387.166540
1185831.473232,872888.074221,-4201.800571
1187844.679773,872888.074221,-3971.811093
1189857.886314,872888.074221,-3725.369407
1191871.092855,872888.074221,-3481.893732
1193884.299397,872888.074221,-3263.022443
1195897.505938,872888.074221,-3101.307624
1197910.712479,872888.074221,-3016.393274
1199923.919020,872888.074221,-3026.163701
1125435.277001,874888.599357,-4277.384318
1127448.483542,874888.599357,-3925.427952
1129461.690083,874888.599357,-4200.224707
1131474.896624,874888.599357,-4433.970821
1133488.103165,874888.599357,-4517.803120
1135501.309706,874888.599357,-4667.415542
1139527.722788,874888.599357,-5110.038393
1141540.929329,874888.599357,-5459.743891
1143554.135870,874888.599357,-5878.986159
1145567.342412,874888.599357,-6328.930390
1147580.548953,874888.599357,-6829.380853
1149593.755494,874888.599357,-7493.973596
1151606.962035,874888.599357,-8602.008191
1153620.168576,874888.599357,-7661.608889
1155633.375117,874888.599357,-7181.435252
1157646.581658,874888.599357,-6719.417861
1159659.788199,874888.599357,-6277.397775
1161672.994740,874888.599357,-5913.840453
1163686.201281,874888.599357,-5552.235471
1165699.407822,874888.599357,-5237.340613
1167712.614363,874888.599357,-4936.447353
1169725.820904,874888.599357,-4707.389724
1171739.027445,874888.599357,-4627.300454
1173752.233986,874888.599357,-4627.057172
1175765.440527,874888.599357,-4685.439167
1177778.647068,874888.599357,-4735.213282
1179791.853609,874888.599357,-4701.339519
1181805.060150,874888.599357,-4565.634625
1183818.266691,874888.599357,-4343.547960
1185831.473232,874888.599357,-4089.165704
1187844.679773,874888.599357,-3835.458452
1189857.886314,874888.599357,-3599.798052
1191871.092855,874888.599357,-3391.028316
1193884.299397,874888.599357,-3217.229326
1195897.505938,874888.599357,-3092.667468
1197910.712479,874888.599357,-3059.088725
1123422.070460,876889.124494,-4275.675617
1125435.277001,876889.124494,-3848.298740
1127448.483542,876889.124494,-4109.927037
1129461.690083,876889.124494,-4276.197406
1131474.896624,876889.124494,-4379.697303
1133488.103165,876889.124494,-4541.831297
1135501.309706,876889.124494,-4739.399353
1137514.516247,876889.124494,-5006.373405
1139527.722788,876889.124494,-5344.220040
1141540.929329,876889.124494,-5747.350924
1143554.135870,876889.124494,-6141.532254
1145567.342412,876889.124494,-6515.765545
1147580.548953,876889.124494,-6982.270215
1149593.755494,876889.124494,-7682.851257
1151606.962035,876889.124494,-7638.262189
1153620.168576,876889.124494,-7058.253985
1155633.375117,876889.124494,-6617.411066
1157646.581658,876889.124494,-6403.254153
1159659.788199,876889.124494,-6093.780559
1161672.994740,876889.124494,-5673.823592
1163686.201281,876889.124494,-5264.503009
1167712.614363,876889.124494,-4678.583711
1169725.820904,876889.124494,-4697.859782
1171739.027445,876889.124494,-4800.924762
1173752.233986,876889.124494,-4862.240334
1175765.440527,876889.124494,-4956.008774
1177778.647068,876889.124494,-4913.901092
1179791.853609,876889.124494,-4720.760918
1181805.060150,876889.124494,-4458.053978
1183818.266691,876889.124494,-4193.847036
1185831.473232,876889.124494,-3951.260592
1187844.679773,876889.124494,-3740.484502
1189857.886314,876889.124494,-3559.990380
1191871.092855,876889.124494,-3410.903391
1193884.299397,876889.124494,-3312.471759
1121408.863919,878889.649630,-4271.956952
1123422.070460,878889.649630,-3801.599606
1125435.277001,878889.649630,-4042.285672
1127448.483542,878889.649630,-4195.472264
1129461.690083,878889.649630,-4317.103356
1131474.896624,878889.649630,-4482.112823
1133488.103165,878889.649630,-4671.250392
1135501.309706,878889.649630,-4912.772545
1139527.722788,878889.649630,-5469.773140
1141540.929329,878889.649630,-5842.975112
1143554.135870,878889.649630,-6307.709334
1145567.342412,878889.649630,-6739.729945
1147580.548953,878889.649630,-7251.555274
1149593.755494,878889.649630,-7953.066676
1151606.962035,878889.649630,-7970.427749
1155633.375117,878889.649630,-3421.335629
1157646.581658,878889.649630,-3379.433976
1159659.788199,878889.649630,-5703.485587
1165699.407822,878889.649630,-4623.681978
1167712.614363,878889.649630,-4702.015428
1169725.820904,878889.649630,-4851.824629
1171739.027445,878889.649630,-4989.836865
1173752.233986,878889.649630,-5152.254908
1175765.440527,878889.649630,-5053.309568
1177778.647068,878889.649630,-4795.044157
1179791.853609,878889.649630,-4517.258695
1181805.060150,878889.649630,-4267.152353
1183818.266691,878889.649630,-4055.222202
1185831.473232,878889.649630,-3883.789048
1187844.679773,878889.649630,-3747.048903
1189857.886314,878889.649630,-3644.687028
1117382.450837,880890.174767,-4261.066965
1119395.657378,880890.174767,-4264.498293
1121408.863919,880890.174767,-4267.824467
1123422.070460,880890.174767,-3994.973033
1125435.277001,880890.174767,-4154.679298
1127448.483542,880890.174767,-4285.147762
1129461.690083,880890.174767,-4446.676947
1131474.896624,880890.174767,-4622.815832
1133488.103165,880890.174767,-4839.862929
1135501.309706,880890.174767,-5032.797325
1137514.516247,880890.174767,-5296.315355
1139527.722788,880890.174767,-5586.668545
1141540.929329,880890.174767,-5951.343226
1143554.135870,880890.174767,-6369.914439
1145567.342412,880890.174767,-7045.312868
1147580.548953,880890.174767,-7513.353703
1149593.755494,880890.174767,-7564.887858
1151606.962035,880890.174767,-4403.540413
1153620.168576,880890.174767,-4237.556852
1155633.375117,880890.174767,-4151.199170
1157646.581658,880890.174767,-4154.257306
1163686.201281,880890.174767,-4652.621791
1165699.407822,880890.174767,-4753.602942
1167712.614363,880890.174767,-4876.230332
1169725.820904,880890.174767,-4994.128143
1171739.027445,880890.174767,-5087.128332
1173752.233986,880890.174767,-4976.243982
1175765.440527,880890.174767,-4746.515843
1177778.647068,880890.174767,-4508.750713
1179791.853609,880890.174767,-4301.387427
1181805.060150,880890.174767,-4135.856219
1183818.266691,880890.174767,-4011.897527
1185831.473232,880890.174767,-3922.917658
1115369.244296,882890.699903,-4251.616428
1117382.450837,882890.699903,-4256.872225
1119395.657378,882890.699903,-4261.105508
1121408.863919,882890.699903,-3957.261185
1123422.070460,882890.699903,-4138.443380
1125435.277001,882890.699903,-4268.391799
1127448.483542,882890.699903,-4424.413727
1129461.690083,882890.699903,-4589.464763
1131474.896624,882890.699903,-4756.451553
1133488.103165,882890.699903,-4916.048197
1135501.309706,882890.699903,-5111.844552
1137514.516247,882890.699903,-5348.059213
1139527.722788,882890.699903,-5638.534813
1141540.929329,882890.699903,-6020.960698
1143554.135870,882890.699903,-6427.661848
1145567.342412,882890.699903,-6765.484996
1147580.548953,882890.699903,-7046.102928
1149593.755494,882890.699903,-5279.548244
1151606.962035,882890.699903,-5088.917339
1153620.168576,882890.699903,-4857.617829
1155633.375117,882890.699903,-4676.789512
1157646.581658,882890.699903,-4620.362258
1161672.994740,882890.699903,-4713.395648
1163686.201281,882890.699903,-4787.783572
1165699.407822,882890.699903,-4827.669427
1167712.614363,882890.699903,-4864.986502
1169725.820904,882890.699903,-4865.051305
1171739.027445,882890.699903,-4770.302759
1173752.233986,882890.699903,-4614.125402
1175765.440527,882890.699903,-4448.345706
1177778.647068,882890.699903,-4302.759746
1179791.853609,882890.699903,-4191.146830
1181805.060150,882890.699903,-4114.148399
1113356.037755,884891.225040,-4249.538176
1115369.244296,884891.225040,-4254.208705
1117382.450837,884891.225040,-4257.770839
1119395.657378,884891.225040,-3960.917742
1121408.863919,884891.225040,-4142.649241
1123422.070460,884891.225040,-4257.337284
1125435.277001,884891.225040,-4404.617932
1127448.483542,884891.225040,-4546.573066
1131474.896624,884891.225040,-4811.396175
1133488.103165,884891.225040,-4951.518073
1135501.309706,884891.225040,-5134.859014
1137514.516247,884891.225040,-5384.928846
1139527.722788,884891.225040,-5718.413251
1141540.929329,884891.225040,-6081.781620
1143554.135870,884891.225040,-6424.944158
1147580.548953,884891.225040,-6144.033191
1149593.755494,884891.225040,-5904.875047
1151606.962035,884891.225040,-5544.468461
1153620.168576,884891.225040,-5182.096911
1155633.375117,884891.225040,-4918.448652
1157646.581658,884891.225040,-4738.992446
1159659.788199,884891.225040,-4755.280051
1161672.994740,884891.225040,-4753.729645
1163686.201281,884891.225040,-4715.536078
1165699.407822,884891.225040,-4687.350827
1167712.614363,884891.225040,-4644.813112
1169725.820904,884891.225040,-4568.810207
1171739.027445,884891.225040,-4471.396941
1173752.233986,884891.225040,-4372.383478
1175765.440527,884891.225040,-4287.881661
1177778.647068,884891.225040,-4226.120008
1179791.853609,884891.225040,-4187.799709
1109329.624673,886891.750176,-4268.126128
1111342.831214,886891.750176,-4264.035014
1113356.037755,886891.750176,-4263.050888
1115369.244296,886891.750176,-4261.299131
1117382.450837,886891.750176,-4252.277026
1121408.863919,886891.750176,-4240.363650
1123422.070460,886891.750176,-4379.485847
1125435.277001,886891.750176,-4507.295630
1127448.483542,886891.750176,-4619.433459
1129461.690083,886891.750176,-4722.593341
1131474.896624,886891.750176,-4829.309881
1133488.103165,886891.750176,-4979.593933
1135501.309706,886891.750176,-5203.786457
1137514.516247,886891.750176,-5530.878718
1139527.722788,886891.750176,-5958.668122
1141540.929329,886891.750176,-6458.371991
1143554.135870,886891.750176,-6869.326528
1145567.342412,886891.750176,-6861.018042
1147580.548953,886891.750176,-6559.653041
1149593.755494,886891.750176,-6125.833991
1151606.962035,886891.750176,-5557.279116
1153620.168576,886891.750176,-5141.838288
1157646.581658,886891.750176,-4756.875267
1159659.788199,886891.750176,-4663.698951
1161672.994740,886891.750176,-4578.952371
1163686.201281,886891.750176,-4518.478044
1165699.407822,886891.750176,-4464.671537
1167712.614363,886891.750176,-4410.528181
1169725.820904,886891.750176,-4357.139660
1171739.027445,886891.750176,-4309.376564
1173752.233986,886891.750176,-4272.451713
1175765.440527,886891.750176,-4248.178829
1107316.418132,888892.275313,-4314.179839
1109329.624673,888892.275313,-4299.899513
1111342.831214,888892.275313,-4287.702437
1113356.037755,888892.275313,-4276.832244
1115369.244296,888892.275313,-4266.529041
1117382.450837,888892.275313,-4262.030422
1119395.657378,888892.275313,-4225.511467
1121408.863919,888892.275313,-4359.734994
1123422.070460,888892.275313,-4476.610289
1125435.277001,888892.275313,-4574.498923
1127448.483542,888892.275313,-4659.679882
1129461.690083,888892.275313,-4746.682518
1131474.896624,888892.275313,-4876.035973
1133488.103165,888892.275313,-5086.248568
1135501.309706,888892.275313,-5425.847845
1137514.516247,888892.275313,-5932.096626
1139527.722788,888892.275313,-6652.011641
1141540.929329,888892.275313,-7448.364504
1143554.135870,888892.275313,-7580.772638
1145567.342412,888892.275313,-6877.246600
1147580.548953,888892.275313,-6399.760762
1151606.962035,888892.275313,-5218.657218
1153620.168576,888892.275313,-4869.462706
1155633.375117,888892.275313,-4683.804663
1157646.581658,888892.275313,-4556.739179
1159659.788199,888892.275313,-4454.129660
1161672.994740,888892.275313,-4385.480513
1163686.201281,888892.275313,-4337.951675
1165699.407822,888892.275313,-4305.631287
1167712.614363,888892.275313,-4283.951341
1169725.820904,888892.275313,-4270.537082
1171739.027445,888892.275313,-4264.072030
1105303.211591,890892.800449,-4375.974277
1107316.418132,890892.800449,-4351.458286
1109329.624673,890892.800449,-4325.866195
1111342.831214,890892.800449,-4303.223352
1113356.037755,890892.800449,-4288.365070
1119395.657378,890892.800449,-4352.821176
1121408.863919,890892.800449,-4455.528009
1123422.070460,890892.800449,-4537.909275
1125435.277001,890892.800449,-4613.130799
1127448.483542,890892.800449,-4687.423842
1129461.690083,890892.800449,-4803.411796
1131474.896624,890892.800449,-4998.641102
1133488.103165,890892.800449,-5325.830128
1135501.309706,890892.800449,-5837.641719
1137514.516247,890892.800449,-6648.427862
1139527.722788,890892.800449,-7886.207139
1141540.929329,890892.800449,-8182.152341
1143554.135870,890892.800449,-6783.031676
1145567.342412,890892.800449,-6220.495278
1147580.548953,890892.800449,-5585.153500
1149593.755494,890892.800449,-5103.298596
1151606.962035,890892.800449,-4771.047652
1153620.168576,890892.800449,-4582.046998
1155633.375117,890892.800449,-4453.080986
1157646.581658,890892.800449,-4354.211768
1159659.788199,890892.800449,-4294.435186
1161672.994740,890892.800449,-4262.355296
1163686.201281,890892.800449,-4249.421891
1165699.407822,890892.800449,-4248.355408
1167712.614363,890892.800449,-4253.870967
1101276.798509,892893.325585,-4442.414685
1103290.005050,892893.325585,-4427.242467
1105303.211591,892893.325585,-4400.061674
1107316.418132,892893.325585,-4365.228717
1109329.624673,892893.325585,-4331.114612
1111342.831214,892893.325585,-4307.888791
1113356.037755,892893.325585,-4303.623851
1115369.244296,892893.325585,-4320.855545
1117382.450837,892893.325585,-4365.116141
1119395.657378,892893.325585,-4430.004891
1121408.863919,892893.325585,-4498.086370
1125435.277001,892893.325585,-4639.424275
1127448.483542,892893.325585,-4743.374052
1129461.690083,892893.325585,-4913.030840
1131474.896624,892893.325585,-5184.150202
1133488.103165,892893.325585,-5588.982592
1135501.309706,892893.325585,-6142.308628
1137514.516247,892893.325585,-6704.841050
1141540.929329,892893.325585,-6208.004714
1143554.135870,892893.325585,-5667.884741
1145567.342412,892893.325585,-5336.224283
1147580.548953,892893.325585,-4962.293765
1149593.755494,892893.325585,-4646.276794
1151606.962035,892893.325585,-4476.120108
1153620.168576,892893.325585,-4359.991794
1155633.375117,892893.325585,-4279.671279
1157646.581658,892893.325585,-4239.260385
1159659.788199,892893.325585,-4226.137861
1161672.994740,892893.325585,-4229.055830
1163686.201281,892893.325585,-4239.437815
1099263.591968,894893.850722,-4423.160028
1101276.798509,894893.850722,-4432.773713
1103290.005050,894893.850722,-4420.898719
1105303.211591,894893.850722,-4388.540613
1107316.418132,894893.850722,-4347.648143
1109329.624673,894893.850722,-4314.189722
1111342.831214,894893.850722,-4300.484506
1113356.037755,894893.850722,-4311.310451
1115369.244296,894893.850722,-4345.856957
1117382.450837,894893.850722,-4393.135563
1119395.657378,894893.850722,-4455.349679
1121408.863919,894893.850722,-4525.829853
1123422.070460,894893.850722,-4602.995654
1125435.277001,894893.850722,-4690.148890
1127448.483542,894893.850722,-4817.499422
1129461.690083,894893.850722,-5001.861761
1131474.896624,894893.850722,-5249.575952
1133488.103165,894893.850722,-5501.477657
1135501.309706,894893.850722,-5638.185077
1137514.516247,894893.850722,-5675.039566
1139527.722788,894893.850722,-5476.272165
1141540.929329,894893.850722,-5262.928639
1145567.342412,894893.850722,-4747.323211
1147580.548953,894893.850722,-4522.415541
1149593.755494,894893.850722,-4384.433061
1151606.962035,894893.850722,-4287.059292
1153620.168576,894893.850722,-4230.554824
1155633.375117,894893.850722,-4211.260902
1157646.581658,894893.850722,-4215.609017
1159659.788199,894893.850722,-4230.164540
1097250.385427,896894.375858,-4301.128169
1099263.591968,896894.375858,-4366.640087
1101276.798509,896894.375858,-4395.138461
1103290.005050,896894.375858,-4382.134160
1105303.211591,896894.375858,-4344.315966
1107316.418132,896894.375858,-4305.761053
1109329.624673,896894.375858,-4284.931962
1111342.831214,896894.375858,-4288.881916
1113356.037755,896894.375858,-4315.371168
1115369.244296,896894.375858,-4360.463683
1117382.450837,896894.375858,-4422.867254
1119395.657378,896894.375858,-4497.283348
1121408.863919,896894.375858,-4573.441358
1123422.070460,896894.375858,-4639.789917
1125435.277001,896894.375858,-4709.015235
1127448.483542,896894.375858,-4805.121336
1129461.690083,896894.375858,-4928.085819
1131474.896624,896894.375858,-5042.112166
1133488.103165,896894.375858,-5109.222608
1135501.309706,896894.375858,-5065.743454
1137514.516247,896894.375858,-4953.067625
1139527.722788,896894.375858,-4928.487538
1143554.135870,896894.375858,-4601.613725
1145567.342412,896894.375858,-4440.816979
1147580.548953,896894.375858,-4330.098193
1149593.755494,896894.375858,-4249.890974
1151606.962035,896894.375858,-4209.362768
1153620.168576,896894.375858,-4204.255190
1155633.375117,896894.375858,-4220.266632
1093223.972344,898894.900995,-3899.159457
1095237.178885,898894.900995,-4071.123628
1097250.385427,898894.900995,-4229.247366
1099263.591968,898894.900995,-4322.757258
1101276.798509,898894.900995,-4345.675063
1103290.005050,898894.900995,-4322.707850
1105303.211591,898894.900995,-4288.027502
1107316.418132,898894.900995,-4266.988727
1109329.624673,898894.900995,-4270.004454
1111342.831214,898894.900995,-4297.317901
1113356.037755,898894.900995,-4345.523179
1115369.244296,898894.900995,-4411.138003
1117382.450837,898894.900995,-4486.645620
1121408.863919,898894.900995,-4592.852134
1123422.070460,898894.900995,-4608.998341
1125435.277001,898894.900995,-4633.716229
1127448.483542,898894.900995,-4674.030156
1129461.690083,898894.900995,-4709.350407
1131474.896624,898894.900995,-4713.928720
1133488.103165,898894.900995,-4678.793404
1135501.309706,898894.900995,-4649.920850
1137514.516247,898894.900995,-4650.940258
1141540.929329,898894.900995,-4533.684455
1143554.135870,898894.900995,-4432.049975
1145567.342412,898894.900995,-4336.567058
1147580.548953,898894.900995,-4260.487879
1149593.755494,898894.900995,-4218.241422
1151606.962035,898894.900995,-4214.360666
1091210.765803,900895.426131,-3462.667457
1093223.972344,900895.426131,-3777.385462
1095237.178885,900895.426131,-4056.540632
1097250.385427,900895.426131,-4228.241486
1099263.591968,900895.426131,-4293.322474
1101276.798509,900895.426131,-4292.563971
1103290.005050,900895.426131,-4271.680665
1105303.211591,900895.426131,-4259.743202
1107316.418132,900895.426131,-4268.829736
1109329.624673,900895.426131,-4301.223569
1111342.831214,900895.426131,-4355.537936
1113356.037755,900895.426131,-4427.133997
1115369.244296,900895.426131,-4502.294929
1117382.450837,900895.426131,-4564.873305
1119395.657378,900895.426131,-4589.731706
1121408.863919,900895.426131,-4571.566748
1123422.070460,900895.426131,-4538.040046
1125435.277001,900895.426131,-4510.209286
1127448.483542,900895.426131,-4483.029053
1129461.690083,900895.426131,-4457.757662
1131474.896624,900895.426131,-4450.136026
1133488.103165,900895.426131,-4474.299285
1135501.309706,900895.426131,-4518.878821
1139527.722788,900895.426131,-4560.368056
1141540.929329,900895.426131,-4518.504943
1143554.135870,900895.426131,-4416.451822
1145567.342412,900895.426131,-4314.417583
1147580.548953,900895.426131,-4251.181615
1149593.755494,900895.426131,-4236.741920
1089197.559262,902895.951268,-3026.036251
1091210.765803,902895.951268,-3518.135839
1093223.972344,902895.951268,-3909.234379
1095237.178885,902895.951268,-4141.894159
1097250.385427,902895.951268,-4238.736310
1099263.591968,902895.951268,-4263.891707
1101276.798509,902895.951268,-4267.862494
1103290.005050,902895.951268,-4275.103695
1105303.211591,902895.951268,-4294.676244
1107316.418132,902895.951268,-4332.139364
1109329.624673,902895.951268,-4392.933854
1111342.831214,902895.951268,-4477.150057
1113356.037755,902895.951268,-4567.263524
1115369.244296,902895.951268,-4637.449565
1117382.450837,902895.951268,-4667.134654
1119395.657378,902895.951268,-4629.530992
1121408.863919,902895.951268,-4539.942474
1123422.070460,902895.951268,-4438.549134
1125435.277001,902895.951268,-4362.676135
1127448.483542,902895.951268,-4322.561763
1129461.690083,902895.951268,-4333.892154
1131474.896624,902895.951268,-4405.425099
1133488.103165,902895.951268,-4542.166223
1137514.516247,902895.951268,-4653.358153
1139527.722788,902895.951268,-4653.110287
1141540.929329,902895.951268,-4559.843418
1143554.135870,902895.951268,-4382.488011
1145567.342412,902895.951268,-4289.396348
1085171.146180,904896.476404,-2072.213303
1087184.352721,904896.476404,-2754.885989
1089197.559262,904896.476404,-3409.959764
1091210.765803,904896.476404,-3847.563829
1093223.972344,904896.476404,-4074.498202
1095237.178885,904896.476404,-4180.262838
1097250.385427,904896.476404,-4236.683507
1099263.591968,904896.476404,-4281.661303
1101276.798509,904896.476404,-4318.671015
1103290.005050,904896.476404,-4351.189435
1105303.211591,904896.476404,-4389.721360
1107316.418132,904896.476404,-4451.709713
1109329.624673,904896.476404,-4550.343942
1111342.831214,904896.476404,-4669.536172
1113356.037755,904896.476404,-4751.867625
1115369.244296,904896.476404,-4774.840398
1117382.450837,904896.476404,-4735.953800
1119395.657378,904896.476404,-4598.516944
1121408.863919,904896.476404,-4425.050810
1123422.070460,904896.476404,-4314.294044
1125435.277001,904896.476404,-4263.488272
1127448.483542,904896.476404,-4289.356023
1129461.690083,904896.476404,-4422.758189
1131474.896624,904896.476404,-4735.699826
1135501.309706,904896.476404,-4970.282524
1137514.516247,904896.476404,-4845.386455
1139527.722788,904896.476404,-4626.358931
1141540.929329,904896.476404,-4416.911252
1083157.939639,906897.001541,-1998.279705
1085171.146180,906897.001541,-2765.983513
1087184.352721,906897.001541,-3428.341428
1089197.559262,906897.001541,-3784.876210
1091210.765803,906897.001541,-3968.258090
1093223.972344,906897.001541,-4089.082933
1095237.178885,906897.001541,-4198.661263
1097250.385427,906897.001541,-4304.104194
1099263.591968,906897.001541,-4384.076507
1101276.798509,906897.001541,-4432.686360
1103290.005050,906897.001541,-4466.049923
1105303.211591,906897.001541,-4515.445252
1107316.418132,906897.001541,-4610.726758
1109329.624673,906897.001541,-4741.648784
1111342.831214,906897.001541,-4828.644044
1115369.244296,906897.001541,-4784.621409
1117382.450837,906897.001541,-4630.438434
1119395.657378,906897.001541,-4420.614791
1121408.863919,906897.001541,-4293.714695
1123422.070460,906897.001541,-4237.742495
1125435.277001,906897.001541,-4273.549472
1127448.483542,906897.001541,-4452.459813
1129461.690083,906897.001541,-4877.405094
1133488.103165,906897.001541,-5993.887166
1135501.309706,906897.001541,-5162.983304
1137514.516247,906897.001541,-4500.177453
1081144.733098,908897.526677,-2488.694588
1083157.939639,908897.526677,-2913.893181
1085171.146180,908897.526677,-3305.733666
1087184.352721,908897.526677,-3560.740859
1089197.559262,908897.526677,-3721.943533
1091210.765803,908897.526677,-3908.681172
1093223.972344,908897.526677,-4124.461257
1095237.178885,908897.526677,-4314.593009
1097250.385427,908897.526677,-4453.362719
1099263.591968,908897.526677,-4524.186536
1101276.798509,908897.526677,-4547.968455
1103290.005050,908897.526677,-4568.203817
1105303.211591,908897.526677,-4627.407748
1107316.418132,908897.526677,-4724.572983
1109329.624673,908897.526677,-4791.860771
1113356.037755,908897.526677,-4795.488580
1115369.244296,908897.526677,-4586.925723
1117382.450837,908897.526677,-4391.212037
1119395.657378,908897.526677,-4268.095563
1121408.863919,908897.526677,-4211.502900
1123422.070460,908897.526677,-4239.467002
1125435.277001,908897.526677,-4388.659816
1127448.483542,908897.526677,-4681.903756
1131474.896624,908897.526677,-5513.658696
1133488.103165,908897.526677,-4633.399108
1079131.526557,910898.051814,-2815.490909
1081144.733098,910898.051814,-2946.732850
1083157.939639,910898.051814,-3089.178442
1085171.146180,910898.051814,-3207.959869
1087184.352721,910898.051814,-3338.236669
1089197.559262,910898.051814,-3637.732188
1091210.765803,910898.051814,-3983.955786
1093223.972344,910898.051814,-4283.442826
1095237.178885,910898.051814,-4497.781697
1097250.385427,910898.051814,-4602.954265
1099263.591968,910898.051814,-4622.151445
1101276.798509,910898.051814,-4607.048763
1103290.005050,910898.051814,-4607.721736
1105303.211591,910898.051814,-4635.669197
1107316.418132,910898.051814,-4654.709044
1109329.624673,910898.051814,-4651.344813
1111342.831214,910898.051814,-4596.332709
1113356.037755,910898.051814,-4477.605125
1115369.244296,910898.051814,-4336.934256
1117382.450837,910898.051814,-4230.378011
1119395.657378,910898.051814,-4170.409227
1121408.863919,910898.051814,-4161.817998
1123422.070460,910898.051814,-4198.519583
1125435.277001,910898.051814,-4183.900757
1129461.690083,910898.051814,-3015.058417
1077118.320016,912898.576950,-2864.306979
1079131.526557,912898.576950,-2755.590561
1081144.733098,912898.576950,-2702.353841
1083157.939639,912898.576950,-2735.195397
1085171.146180,912898.576950,-2923.625088
1087184.352721,912898.576950,-3296.774406
1089197.559262,912898.576950,-3755.996982
1091210.765803,912898.576950,-4180.005144
1093223.972344,912898.576950,-4488.881257
1095237.178885,912898.576950,-4648.424611
1097250.385427,912898.576950,-4680.563814
1099263.591968,912898.576950,-4641.551731
1101276.798509,912898.576950,-4589.982225
1103290.005050,912898.576950,-4555.312463
1105303.211591,912898.576950,-4535.182793
1107316.418132,912898.576950,-4518.438767
1109329.624673,912898.576950,-4463.102384
1111342.831214,912898.576950,-4379.453408
1113356.037755,912898.576950,-4284.251421
1115369.244296,912898.576950,-4196.147980
1117382.450837,912898.576950,-4124.806178
1119395.657378,912898.576950,-4062.211891
1121408.863919,912898.576950,-3977.453138
1123422.070460,912898.576950,-3776.369931
1125435.277001,912898.576950,-3267.935879
1075105.113475,914899.102087,-2626.717341
1077118.320016,914899.102087,-2300.692895
1079131.526557,914899.102087,-2102.562618
1081144.733098,914899.102087,-2104.955350
1083157.939639,914899.102087,-2358.637395
1085171.146180,914899.102087,-2837.837734
1087184.352721,914899.102087,-3430.100709
1089197.559262,914899.102087,-3991.867687
1091210.765803,914899.102087,-4411.263510
1093223.972344,914899.102087,-4646.033614
1095237.178885,914899.102087,-4715.808808
1097250.385427,914899.102087,-4679.437862
1099263.591968,914899.102087,-4603.998802
1101276.798509,914899.102087,-4535.544554
1103290.005050,914899.102087,-4490.653554
1105303.211591,914899.102087,-4459.621107
1107316.418132,914899.102087,-4404.588186
1109329.624673,914899.102087,-4334.831027
1111342.831214,914899.102087,-4261.688378
1113356.037755,914899.102087,-4186.305943
1115369.244296,914899.102087,-4101.501843
1117382.450837,914899.102087,-3996.250530
1119395.657378,914899.102087,-3851.108812
1121408.863919,914899.102087,-3660.518993
1071078.700393,916899.627223,-2752.435577
1073091.906934,916899.627223,-2168.016030
1075105.113475,916899.627223,-1644.508050
1077118.320016,916899.627223,-1348.229908
1079131.526557,916899.627223,-1353.584339
1081144.733098,916899.627223,-1672.494789
1083157.939639,916899.627223,-2288.516850
1085171.146180,916899.627223,-3031.970062
1087184.352721,916899.627223,-3730.867091
1089197.559262,916899.627223,-4263.907338
1091210.765803,916899.627223,-4587.557411
1093223.972344,916899.627223,-4719.913444
1095237.178885,916899.627223,-4718.021899
1097250.385427,916899.627223,-4650.016545
1099263.591968,916899.627223,-4570.150955
1101276.798509,916899.627223,-4505.222909
1103290.005050,916899.627223,-4452.009608
1105303.211591,916899.627223,-4390.192416
1107316.418132,916899.627223,-4328.154908
1109329.624673,916899.627223,-4271.381581
1111342.831214,916899.627223,-4208.321500
1113356.037755,916899.627223,-4122.502570
1115369.244296,916899.627223,-4007.391710
1117382.450837,916899.627223,-3866.971001
1119395.657378,916899.627223,-3733.536790
1069065.493852,918900.152360,-2416.306764
1071078.700393,918900.152360,-1667.466262
1073091.906934,918900.152360,-980.813540
1075105.113475,918900.152360,-632.824328
1077118.320016,918900.152360,-650.077184
1079131.526557,918900.152360,-989.645345
1081144.733098,918900.152360,-1760.653080
1083157.939639,918900.152360,-2640.539364
1085171.146180,918900.152360,-3433.089767
1087184.352721,918900.152360,-4060.116548
1089197.559262,918900.152360,-4472.402833
1091210.765803,918900.152360,-4683.916507
1093223.972344,918900.152360,-4739.953976
1095237.178885,918900.152360,-4700.307160
1097250.385427,918900.152360,-4619.595570
1099263.591968,918900.152360,-4532.971111
1101276.798509,918900.152360,-4453.191705
1103290.005050,918900.152360,-4377.966191
1105303.211591,918900.152360,-4328.117605
1107316.418132,918900.152360,-4289.320412
1109329.624673,918900.152360,-4250.421302
1111342.831214,918900.152360,-4183.240108
1113356.037755,918900.152360,-4088.882274
1115369.244296,918900.152360,-3985.758960
1067052.287311,920900.677496,-2138.174378
1069065.493852,920900.677496,-1358.613217
1071078.700393,920900.677496,-648.527940
1073091.906934,920900.677496,-308.305454
1075105.113475,920900.677496,-265.098218
1077118.320016,920900.677496,-539.177273
1079131.526557,920900.677496,-1381.442506
1081144.733098,920900.677496,-2324.212107
1083157.939639,920900.677496,-3138.147758
1085171.146180,920900.677496,-3814.321308
1087184.352721,920900.677496,-4299.993221
1089197.559262,920900.677496,-4593.519899
1091210.765803,920900.677496,-4717.198580
1093223.972344,920900.677496,-4714.678273
1095237.178885,920900.677496,-4636.820365
1097250.385427,920900.677496,-4527.538169
1099263.591968,920900.677496,-4419.203808
1101276.798509,920900.677496,-4335.239409
1103290.005050,920900.677496,-4290.245525
1105303.211591,920900.677496,-4287.490147
1107316.418132,920900.677496,-4288.098100
1109329.624673,920900.677496,-4256.224251
1111342.831214,920900.677496,-4197.711476
1065039.080770,922901.202632,-2008.089084
1067052.287311,922901.202632,-1340.617010
1069065.493852,922901.202632,-799.316633
1071078.700393,922901.202632,-468.344979
1073091.906934,922901.202632,-361.649616
1075105.113475,922901.202632,-599.016365
1077118.320016,922901.202632,-1277.553917
1079131.526557,922901.202632,-2117.520168
1081144.733098,922901.202632,-2867.013859
1083157.939639,922901.202632,-3535.384259
1085171.146180,922901.202632,-4070.916720
1087184.352721,922901.202632,-4437.242843
1089197.559262,922901.202632,-4622.180686
1091210.765803,922901.202632,-4651.189912
1093223.972344,922901.202632,-4573.160907
1095237.178885,922901.202632,-4444.179905
1097250.385427,922901.202632,-4315.326129
1099263.591968,922901.202632,-4226.033796
1101276.798509,922901.202632,-4207.685295
1103290.005050,922901.202632,-4246.717116
1105303.211591,922901.202632,-4293.390012
1107316.418132,922901.202632,-4308.528178
1063025.874229,924901.727769,-2039.483714
1065039.080770,924901.727769,-1547.743732
1067052.287311,924901.727769,-1153.678593
1069065.493852,924901.727769,-884.861816
1071078.700393,924901.727769,-802.626485
1073091.906934,924901.727769,-987.538542
1075105.113475,924901.727769,-1437.153209
1077118.320016,924901.727769,-2006.501683
1079131.526557,924901.727769,-2608.154984
1081144.733098,924901.727769,-3230.124825
1083157.939639,924901.727769,-3795.931728
1085171.146180,924901.727769,-4210.482766
1087184.352721,924901.727769,-4429.545937
1089197.559262,924901.727769,-4467.957860
1091210.765803,924901.727769,-4379.084195
1093223.972344,924901.727769,-4233.091933
1095237.178885,924901.727769,-4098.921312
1097250.385427,924901.727769,-4026.540914
1101276.798509,924901.727769,-4128.159719
1103290.005050,924901.727769,-4241.688176
1061012.667688,926902.252905,-2219.724555
1063025.874229,926902.252905,-1912.008798
1065039.080770,926902.252905,-1647.478209
1067052.287311,926902.252905,-1463.200934
1069065.493852,926902.252905,-1396.231336
1071078.700393,926902.252905,-1467.780420
1073091.906934,926902.252905,-1637.925079
1075105.113475,926902.252905,-1887.825090
1077118.320016,926902.252905,-2331.625800
1079131.526557,926902.252905,-2928.819270
1081144.733098,926902.252905,-3506.045431
1083157.939639,926902.252905,-3919.649137
1085171.146180,926902.252905,-4122.782214
1087184.352721,926902.252905,-4135.006523
1089197.559262,926902.252905,-4017.736549
1091210.765803,926902.252905,-3852.124017
1093223.972344,926902.252905,-3722.472325
1095237.178885,926902.252905,-3687.901004
1097250.385427,926902.252905,-3767.324494
1099263.591968,926902.252905,-3938.948525
1063025.874229,928902.778042,-2227.651673
1065039.080770,928902.778042,-2104.240806
1067052.287311,928902.778042,-2020.824149
1069065.493852,928902.778042,-1959.586637
1071078.700393,928902.778042,-1871.825554
1073091.906934,928902.778042,-1764.914706
1075105.113475,928902.778042,-2175.512015
1077118.320016,928902.778042,-2724.643870
1079131.526557,928902.778042,-3237.829690
1081144.733098,928902.778042,-3569.456533
1083157.939639,928902.778042,-3691.942891
1085171.146180,928902.778042,-3642.513767
1087184.352721,928902.778042,-3486.798429
1089197.559262,928902.778042,-3300.269858
1091210.765803,928902.778042,-3164.742394
1093223.972344,928902.778042,-3159.653882
1095237.178885,928902.778042,-3369.380421
1065039.080770,930903.303178,-2615.865141
1067052.287311,930903.303178,-2471.785469
1069065.493852,930903.303178,-2282.340274
1071078.700393,930903.303178,-2178.202784
1073091.906934,930903.303178,-2358.172012
1075105.113475,930903.303178,-2699.774623
1077118.320016,930903.303178,-3011.579909
1079131.526557,930903.303178,-3161.599875
1081144.733098,930903.303178,-3143.580754
1083157.939639,930903.303178,-3010.380524
1085171.146180,930903.303178,-2834.129439
1087184.352721,930903.303178,-2662.412477
1089197.559262,930903.303178,-2523.533206
1091210.765803,930903.303178,-2497.695201
1093223.972344,930903.303178,-2880.090061
1069065.493852,932903.828315,-2694.392238
1071078.700393,932903.828315,-2706.946983
1073091.906934,932903.828315,-2783.996557
1075105.113475,932903.828315,-2802.509424
1077118.320016,932903.828315,-2697.643590
1079131.526557,932903.828315,-2505.148494
1081144.733098,932903.828315,-2310.050323
1083157.939639,932903.828315,-2175.677837
1085171.146180,932903.828315,-2113.152841
1087184.352721,932903.828315,-2093.274149
1071078.700393,934904.353451,-2856.093180
1073091.906934,934904.353451,-2576.678187
1075105.113475,934904.353451,-2178.085447
1077118.320016,934904.353451,-1766.938726
1079131.526557,934904.353451,-1570.495834
1081144.733098,934904.353451,-1655.639817
1083157.939639,934904.353451,-1830.964642
1075105.113475,936904.878588,-1041.154194
1077118.320016,936904.878588,-873.515815
