1153480.348507,854338.144776,-4653.656894
1153480.348507,855344.406716,-4891.648252
1154486.968657,855344.406716,-4868.478818
1155493.588806,855344.406716,-4860.272289
1156500.208955,855344.406716,-4848.454313
1157506.829104,855344.406716,-4831.798363
1152473.728358,856350.668657,-5216.889024
1153480.348507,856350.668657,-5165.448735
1154486.968657,856350.668657,-5134.522209
1155493.588806,856350.668657,-5107.604853
1156500.208955,856350.668657,-5073.949105
1157506.829104,856350.668657,-5035.903835
1158513.449254,856350.668657,-5003.924982
1159520.069403,856350.668657,-4988.981924
1160526.689552,856350.668657,-4994.625849
1161533.309701,856350.668657,-5017.287783
1152473.728358,857356.930597,-5486.103015
1153480.348507,857356.930597,-5447.854847
1154486.968657,857356.930597,-5412.851716
1155493.588806,857356.930597,-5371.018782
1156500.208955,857356.930597,-5318.094225
1157506.829104,857356.930597,-5258.902392
1158513.449254,857356.930597,-5202.282055
1159520.069403,857356.930597,-5159.409528
1160526.689552,857356.930597,-5132.027578
1161533.309701,857356.930597,-5110.169044
1162539.929851,857356.930597,-5078.444346
1163546.550000,857356.930597,-5159.105659
1164553.170149,857356.930597,-5280.394294
1151467.108209,858363.192537,-5784.169730
1152473.728358,858363.192537,-5752.414079
1153480.348507,858363.192537,-5721.976544
1154486.968657,858363.192537,-5684.637709
1155493.588806,858363.192537,-5633.046264
1156500.208955,858363.192537,-5565.746688
1157506.829104,858363.192537,-5487.867731
1158513.449254,858363.192537,-5403.337586
1159520.069403,858363.192537,-5327.104344
1160526.689552,858363.192537,-5263.333718
1161533.309701,858363.192537,-5205.002393
1162539.929851,858363.192537,-5049.361055
1163546.550000,858363.192537,-5138.350852
1164553.170149,858363.192537,-5398.013657
1165559.790299,858363.192537,-5292.142234
1151467.108209,859369.454478,-6029.981088
1152473.728358,859369.454478,-6003.776638
1153480.348507,859369.454478,-5974.892069
1154486.968657,859369.454478,-5935.462872
1155493.588806,859369.454478,-5878.068615
1156500.208955,859369.454478,-5798.847393
1157506.829104,859369.454478,-5702.806389
1158513.449254,859369.454478,-5591.086481
1159520.069403,859369.454478,-5481.097011
1160526.689552,859369.454478,-5377.170127
1161533.309701,859369.454478,-5271.057942
1162539.929851,859369.454478,-5194.110762
1163546.550000,859369.454478,-5029.537508
1164553.170149,859369.454478,-5176.645891
1165559.790299,859369.454478,-5203.792751
1166566.410448,859369.454478,-5139.262825
1150460.488060,860375.716418,-6295.489324
1151467.108209,860375.716418,-6264.927108
1152473.728358,860375.716418,-6232.866604
1153480.348507,860375.716418,-6198.628925
1154486.968657,860375.716418,-6156.904506
1155493.588806,860375.716418,-6097.441011
1156500.208955,860375.716418,-6002.216049
1157506.829104,860375.716418,-5854.945557
1158513.449254,860375.716418,-5752.327346
1159520.069403,860375.716418,-5622.580424
1160526.689552,860375.716418,-5479.830367
1161533.309701,860375.716418,-5418.701090
1162539.929851,860375.716418,-5603.853134
1163546.550000,860375.716418,-5329.071897
1164553.170149,860375.716418,-5195.750201
1165559.790299,860375.716418,-5173.313891
1166566.410448,860375.716418,-5128.823988
1167573.030597,860375.716418,-4980.997487
1149453.867910,861381.978358,-6554.431419
1150460.488060,861381.978358,-6532.135870
1151467.108209,861381.978358,-6487.062044
1152473.728358,861381.978358,-6436.843591
1153480.348507,861381.978358,-6390.308657
1154486.968657,861381.978358,-6347.299725
1155493.588806,861381.978358,-6299.434685
1156500.208955,861381.978358,-6217.234096
1157506.829104,861381.978358,-5995.591162
1158513.449254,861381.978358,-5923.491844
1159520.069403,861381.978358,-5956.232357
1160526.689552,861381.978358,-5830.696684
1161533.309701,861381.978358,-5832.472914
1162539.929851,861381.978358,-5801.428100
1163546.550000,861381.978358,-5555.919274
1164553.170149,861381.978358,-5334.368977
1165559.790299,861381.978358,-5186.843706
1166566.410448,861381.978358,-5043.457749
1167573.030597,861381.978358,-4918.962716
1168579.650746,861381.978358,-4839.130280
1149453.867910,862388.240299,-6802.397799
1150460.488060,862388.240299,-6769.673521
1151467.108209,862388.240299,-6692.935676
1152473.728358,862388.240299,-6614.417602
1153480.348507,862388.240299,-6549.631484
1154486.968657,862388.240299,-6501.079990
1155493.588806,862388.240299,-6468.475877
1156500.208955,862388.240299,-6476.833394
1157506.829104,862388.240299,-6215.121894
1158513.449254,862388.240299,-6157.077112
1159520.069403,862388.240299,-6179.397084
1160526.689552,862388.240299,-6024.146533
1161533.309701,862388.240299,-5994.349700
1162539.929851,862388.240299,-5895.390212
1163546.550000,862388.240299,-5683.096253
1164553.170149,862388.240299,-5445.001308
1165559.790299,862388.240299,-5280.746526
1166566.410448,862388.240299,-5000.390912
1167573.030597,862388.240299,-4889.235764
1168579.650746,862388.240299,-4867.453072
1169586.270896,862388.240299,-4830.841775
1148447.247761,863394.502239,-6996.549349
1149453.867910,863394.502239,-7073.200049
1150460.488060,863394.502239,-6985.284845
1151467.108209,863394.502239,-6867.046077
1152473.728358,863394.502239,-6764.968186
1153480.348507,863394.502239,-6686.833302
1154486.968657,863394.502239,-6625.197044
1155493.588806,863394.502239,-6525.078869
1156500.208955,863394.502239,-6483.841829
1157506.829104,863394.502239,-6377.008910
1158513.449254,863394.502239,-6333.633995
1159520.069403,863394.502239,-6279.142803
1160526.689552,863394.502239,-6194.944317
1161533.309701,863394.502239,-6134.218714
1162539.929851,863394.502239,-5961.103517
1163546.550000,863394.502239,-5743.702511
1164553.170149,863394.502239,-5501.713831
1165559.790299,863394.502239,-5316.199842
1166566.410448,863394.502239,-5083.221121
1167573.030597,863394.502239,-4967.231821
1168579.650746,863394.502239,-4994.009765
1169586.270896,863394.502239,-4948.278539
1170592.891045,863394.502239,-4860.453298
1148447.247761,864400.764179,-7117.861564
1149453.867910,864400.764179,-7141.936223
1150460.488060,864400.764179,-7076.431764
1151467.108209,864400.764179,-6980.008190
1152473.728358,864400.764179,-6894.603510
1153480.348507,864400.764179,-6839.408063
1154486.968657,864400.764179,-6850.477032
1155493.588806,864400.764179,-6798.880167
1156500.208955,864400.764179,-6716.021916
1157506.829104,864400.764179,-6584.791602
1158513.449254,864400.764179,-6542.732814
1159520.069403,864400.764179,-6427.578561
1160526.689552,864400.764179,-6358.124248
1161533.309701,864400.764179,-6269.366393
1162539.929851,864400.764179,-6003.205197
1163546.550000,864400.764179,-5784.593717
1164553.170149,864400.764179,-5572.223168
1165559.790299,864400.764179,-5430.325467
1166566.410448,864400.764179,-5286.781550
1167573.030597,864400.764179,-5252.407041
1168579.650746,864400.764179,-5227.694199
1169586.270896,864400.764179,-5099.395677
1170592.891045,864400.764179,-4959.376274
1171599.511194,864400.764179,-4823.265308
1147440.627612,865407.026119,-7166.288386
1148447.247761,865407.026119,-7164.405722
1149453.867910,865407.026119,-7161.178271
1150460.488060,865407.026119,-7121.924435
1151467.108209,865407.026119,-7068.326246
1152473.728358,865407.026119,-7025.266978
1153480.348507,865407.026119,-6993.849821
1154486.968657,865407.026119,-7114.030010
1155493.588806,865407.026119,-7274.495596
1156500.208955,865407.026119,-7082.783300
1157506.829104,865407.026119,-6838.996401
1158513.449254,865407.026119,-6762.739035
1159520.069403,865407.026119,-6589.408216
1160526.689552,865407.026119,-6419.463366
1161533.309701,865407.026119,-6237.754520
1162539.929851,865407.026119,-6037.189788
1163546.550000,865407.026119,-5840.967142
1164553.170149,865407.026119,-5683.360833
1165559.790299,865407.026119,-5558.378490
1166566.410448,865407.026119,-5397.990787
1167573.030597,865407.026119,-5374.100095
1168579.650746,865407.026119,-5306.601074
1169586.270896,865407.026119,-5165.673907
1170592.891045,865407.026119,-5011.476723
1171599.511194,865407.026119,-4859.541154
1172606.131343,865407.026119,-4715.981246
1147440.627612,866413.288060,-7202.632718
1148447.247761,866413.288060,-7185.407722
1149453.867910,866413.288060,-7181.116082
1150460.488060,866413.288060,-7172.834153
1151467.108209,866413.288060,-7171.667575
1152473.728358,866413.288060,-7206.007735
1153480.348507,866413.288060,-7226.947403
1154486.968657,866413.288060,-7312.922596
1155493.588806,866413.288060,-7396.713623
1156500.208955,866413.288060,-7333.782465
1157506.829104,866413.288060,-7091.856480
1158513.449254,866413.288060,-6884.371652
1159520.069403,866413.288060,-6657.723089
1160526.689552,866413.288060,-6417.178034
1161533.309701,866413.288060,-6185.403471
1162539.929851,866413.288060,-5997.304443
1163546.550000,866413.288060,-5836.317675
1164553.170149,866413.288060,-5747.269249
1165559.790299,866413.288060,-5606.620049
1166566.410448,866413.288060,-5489.920346
1167573.030597,866413.288060,-5436.997595
1168579.650746,866413.288060,-5299.300649
1169586.270896,866413.288060,-5149.114189
1170592.891045,866413.288060,-5006.541684
1171599.511194,866413.288060,-4853.356872
1172606.131343,866413.288060,-4703.992452
1173612.751493,866413.288060,-4560.934661
1146434.007463,867419.550000,-7282.262769
1147440.627612,867419.550000,-7230.333542
1148447.247761,867419.550000,-7208.895479
1149453.867910,867419.550000,-7227.795925
1150460.488060,867419.550000,-7258.283036
1151467.108209,867419.550000,-7299.103129
1152473.728358,867419.550000,-7385.910263
1153480.348507,867419.550000,-7413.029461
1154486.968657,867419.550000,-7416.533891
1155493.588806,867419.550000,-7362.324550
1156500.208955,867419.550000,-7266.927964
1157506.829104,867419.550000,-7085.230972
1158513.449254,867419.550000,-6869.750677
1159520.069403,867419.550000,-6601.963681
1160526.689552,867419.550000,-6359.801001
1161533.309701,867419.550000,-6118.886445
1162539.929851,867419.550000,-5889.127055
1163546.550000,867419.550000,-5732.777099
1164553.170149,867419.550000,-5650.634159
1165559.790299,867419.550000,-5553.093837
1166566.410448,867419.550000,-5441.042529
1167573.030597,867419.550000,-5389.652402
1168579.650746,867419.550000,-5124.960233
1169586.270896,867419.550000,-5043.378064
1170592.891045,867419.550000,-4953.746038
1171599.511194,867419.550000,-4803.377916
1172606.131343,867419.550000,-4655.800686
1173612.751493,867419.550000,-4512.926093
1174619.371642,867419.550000,-4376.527807
1146434.007463,868425.811940,-7340.128760
1147440.627612,868425.811940,-7265.740554
1148447.247761,868425.811940,-7250.122263
1149453.867910,868425.811940,-7325.836250
1150460.488060,868425.811940,-7421.658495
1151467.108209,868425.811940,-7558.145551
1152473.728358,868425.811940,-7638.989732
1153480.348507,868425.811940,-7582.045926
1154486.968657,868425.811940,-7492.175660
1155493.588806,868425.811940,-7441.633829
1156500.208955,868425.811940,-7282.866920
1157506.829104,868425.811940,-7032.512116
1158513.449254,868425.811940,-6845.594280
1159520.069403,868425.811940,-6598.134226
1160526.689552,868425.811940,-6306.019394
1161533.309701,868425.811940,-6040.463374
1162539.929851,868425.811940,-5763.393473
1163546.550000,868425.811940,-5605.026252
1164553.170149,868425.811940,-5473.383053
1165559.790299,868425.811940,-5402.031940
1166566.410448,868425.811940,-5212.918343
1167573.030597,868425.811940,-5141.973096
1168579.650746,868425.811940,-5020.342744
1169586.270896,868425.811940,-4934.162290
1170592.891045,868425.811940,-4894.123071
1171599.511194,868425.811940,-4712.141143
1172606.131343,868425.811940,-4576.101393
1173612.751493,868425.811940,-4442.538991
1174619.371642,868425.811940,-4310.978165
1175625.991791,868425.811940,-4194.853358
1145427.387313,869432.073881,-7525.523174
1146434.007463,869432.073881,-7431.009049
1147440.627612,869432.073881,-7329.105935
1148447.247761,869432.073881,-7317.357844
1149453.867910,869432.073881,-7484.232582
1150460.488060,869432.073881,-7636.891360
1151467.108209,869432.073881,-7840.438221
1152473.728358,869432.073881,-7877.743044
1153480.348507,869432.073881,-7670.959327
1154486.968657,869432.073881,-7505.075115
1155493.588806,869432.073881,-7400.752811
1157506.829104,869432.073881,-7010.764143
1158513.449254,869432.073881,-6804.298647
1159520.069403,869432.073881,-6528.162071
1160526.689552,869432.073881,-6188.401953
1161533.309701,869432.073881,-5882.634642
1162539.929851,869432.073881,-5730.324604
1163546.550000,869432.073881,-5527.469403
1164553.170149,869432.073881,-5332.394095
1165559.790299,869432.073881,-5209.741119
1166566.410448,869432.073881,-5021.809623
1167573.030597,869432.073881,-4898.989146
1168579.650746,869432.073881,-4860.326548
1169586.270896,869432.073881,-4764.468299
1170592.891045,869432.073881,-4807.192080
1171599.511194,869432.073881,-4559.407091
1172606.131343,869432.073881,-4475.418793
1173612.751493,869432.073881,-4358.785668
1174619.371642,869432.073881,-4231.059267
1175625.991791,869432.073881,-4126.725840
1176632.611940,869432.073881,-4044.189922
1145427.387313,870438.335821,-7678.040443
1146434.007463,870438.335821,-7591.663417
1147440.627612,870438.335821,-7467.732248
1148447.247761,870438.335821,-7454.404454
1149453.867910,870438.335821,-7715.954162
1150460.488060,870438.335821,-7783.629713
1151467.108209,870438.335821,-8024.379514
1152473.728358,870438.335821,-7892.074959
1153480.348507,870438.335821,-7504.050925
1154486.968657,870438.335821,-7330.349427
1155493.588806,870438.335821,-7199.116258
1156500.208955,870438.335821,-7065.311216
1157506.829104,870438.335821,-6949.199876
1158513.449254,870438.335821,-6689.235351
1159520.069403,870438.335821,-6360.963172
1160526.689552,870438.335821,-6079.878406
1161533.309701,870438.335821,-5762.389639
1162539.929851,870438.335821,-5518.284744
1163546.550000,870438.335821,-5387.043984
1164553.170149,870438.335821,-5182.346748
1165559.790299,870438.335821,-4996.937068
1166566.410448,870438.335821,-4812.764444
1167573.030597,870438.335821,-4677.023245
1168579.650746,870438.335821,-4800.919266
1169586.270896,870438.335821,-4586.091633
1170592.891045,870438.335821,-4449.011349
1171599.511194,870438.335821,-4402.767183
1172606.131343,870438.335821,-4384.896320
1173612.751493,870438.335821,-4266.355099
1174619.371642,870438.335821,-4127.268333
1175625.991791,870438.335821,-4033.308746
1176632.611940,870438.335821,-3985.139442
1177639.232090,870438.335821,-3864.506533
1144420.767164,871444.597761,-7868.671258
1145427.387313,871444.597761,-7869.640739
1146434.007463,871444.597761,-7845.040075
1147440.627612,871444.597761,-7766.712913
1148447.247761,871444.597761,-7935.701706
1149453.867910,871444.597761,-8215.665864
1150460.488060,871444.597761,-7818.669647
1151467.108209,871444.597761,-8015.147981
1152473.728358,871444.597761,-7822.428398
1153480.348507,871444.597761,-7454.148081
1154486.968657,871444.597761,-7202.861588
1155493.588806,871444.597761,-7016.239477
1156500.208955,871444.597761,-6937.075900
1157506.829104,871444.597761,-6784.155657
1158513.449254,871444.597761,-6567.033676
1159520.069403,871444.597761,-6290.795292
1160526.689552,871444.597761,-5951.601134
1161533.309701,871444.597761,-5648.244324
1162539.929851,871444.597761,-5397.527094
1163546.550000,871444.597761,-5196.247649
1164553.170149,871444.597761,-4990.586084
1165559.790299,871444.597761,-4781.746826
1166566.410448,871444.597761,-4636.672643
1167573.030597,871444.597761,-4557.184999
1168579.650746,871444.597761,-4466.020310
1169586.270896,871444.597761,-4343.111081
1170592.891045,871444.597761,-4277.032055
1171599.511194,871444.597761,-4261.523278
1172606.131343,871444.597761,-4217.463900
1173612.751493,871444.597761,-4141.071706
1174619.371642,871444.597761,-3983.928707
1175625.991791,871444.597761,-3888.713454
1176632.611940,871444.597761,-3884.489821
1177639.232090,871444.597761,-3724.673347
1178645.852239,871444.597761,-3613.952070
1144420.767164,872450.859701,-7995.863788
1145427.387313,872450.859701,-8032.095985
1146434.007463,872450.859701,-8062.760572
1147440.627612,872450.859701,-8130.317427
1148447.247761,872450.859701,-8202.993801
1149453.867910,872450.859701,-8143.724192
1150460.488060,872450.859701,-7872.736360
1151467.108209,872450.859701,-7677.159485
1152473.728358,872450.859701,-7625.730930
1153480.348507,872450.859701,-7418.335881
1154486.968657,872450.859701,-7164.401599
1155493.588806,872450.859701,-7114.720146
1156500.208955,872450.859701,-6883.214700
1157506.829104,872450.859701,-6710.687593
1158513.449254,872450.859701,-6484.435581
1159520.069403,872450.859701,-6259.672448
1160526.689552,872450.859701,-5806.067409
1161533.309701,872450.859701,-5482.081879
1162539.929851,872450.859701,-5214.570353
1163546.550000,872450.859701,-4976.292107
1164553.170149,872450.859701,-4778.086288
1165559.790299,872450.859701,-4519.990309
1166566.410448,872450.859701,-4517.695864
1167573.030597,872450.859701,-4404.178584
1168579.650746,872450.859701,-4234.481812
1169586.270896,872450.859701,-4127.854387
1170592.891045,872450.859701,-4122.193976
1171599.511194,872450.859701,-4140.208935
1172606.131343,872450.859701,-4067.751966
1173612.751493,872450.859701,-4048.677584
1174619.371642,872450.859701,-3852.535105
1175625.991791,872450.859701,-3729.788405
1176632.611940,872450.859701,-3593.011815
1177639.232090,872450.859701,-3486.479506
1178645.852239,872450.859701,-3394.380801
1179652.472388,872450.859701,-3347.367191
1143414.147015,873457.121642,-7993.957645
1144420.767164,873457.121642,-8059.340612
1145427.387313,873457.121642,-8109.570945
1146434.007463,873457.121642,-8153.784365
1147440.627612,873457.121642,-8188.038140
1148447.247761,873457.121642,-8056.607698
1149453.867910,873457.121642,-7906.494060
1150460.488060,873457.121642,-7706.875145
1151467.108209,873457.121642,-7503.246900
1152473.728358,873457.121642,-7530.806594
1153480.348507,873457.121642,-7383.075190
1155493.588806,873457.121642,-7027.988886
1156500.208955,873457.121642,-6735.945512
1157506.829104,873457.121642,-6555.505318
1158513.449254,873457.121642,-6348.795093
1159520.069403,873457.121642,-6080.615515
1160526.689552,873457.121642,-5702.692669
1161533.309701,873457.121642,-5303.993659
1162539.929851,873457.121642,-4990.264180
1163546.550000,873457.121642,-4736.871114
1164553.170149,873457.121642,-4579.191063
1166566.410448,873457.121642,-4461.719704
1167573.030597,873457.121642,-4289.664489
1168579.650746,873457.121642,-4120.464725
1169586.270896,873457.121642,-4003.152335
1170592.891045,873457.121642,-3985.096852
1171599.511194,873457.121642,-3992.032082
1172606.131343,873457.121642,-4011.636060
1173612.751493,873457.121642,-3955.530898
1174619.371642,873457.121642,-3827.748942
1175625.991791,873457.121642,-3715.991770
1176632.611940,873457.121642,-3512.506892
1177639.232090,873457.121642,-3426.960100
1178645.852239,873457.121642,-3253.954423
1179652.472388,873457.121642,-3203.207168
1143414.147015,874463.383582,-7916.171644
1144420.767164,874463.383582,-8046.253262
1145427.387313,874463.383582,-8146.376585
1146434.007463,874463.383582,-8124.042588
1147440.627612,874463.383582,-8049.480936
1148447.247761,874463.383582,-7868.826278
1149453.867910,874463.383582,-7681.594418
1150460.488060,874463.383582,-7549.246479
1151467.108209,874463.383582,-7403.691550
1152473.728358,874463.383582,-7339.533176
1153480.348507,874463.383582,-7213.663688
1154486.968657,874463.383582,-6919.762466
1155493.588806,874463.383582,-6712.887825
1156500.208955,874463.383582,-6505.711279
1157506.829104,874463.383582,-6357.440506
1158513.449254,874463.383582,-6178.265376
1159520.069403,874463.383582,-5953.668869
1160526.689552,874463.383582,-5571.359723
1161533.309701,874463.383582,-5074.338139
1162539.929851,874463.383582,-4733.544531
1163546.550000,874463.383582,-4567.241913
1164553.170149,874463.383582,-4455.631021
1165559.790299,874463.383582,-4416.717753
1166566.410448,874463.383582,-4347.955365
1167573.030597,874463.383582,-4192.486293
1168579.650746,874463.383582,-4020.480927
1169586.270896,874463.383582,-3913.990913
1170592.891045,874463.383582,-3877.007317
1171599.511194,874463.383582,-3818.122348
1172606.131343,874463.383582,-3856.751925
1173612.751493,874463.383582,-3846.853514
1174619.371642,874463.383582,-3798.242604
1175625.991791,874463.383582,-3787.233711
1176632.611940,874463.383582,-3545.119871
1177639.232090,874463.383582,-3346.288765
1178645.852239,874463.383582,-3153.343914
1179652.472388,874463.383582,-3115.904397
1180659.092537,874463.383582,-3073.136947
1142407.526866,875469.645522,-7771.315087
1143414.147015,875469.645522,-7934.483664
1144420.767164,875469.645522,-8047.665799
1145427.387313,875469.645522,-8110.254759
1146434.007463,875469.645522,-8015.029019
1147440.627612,875469.645522,-7878.088437
1148447.247761,875469.645522,-7652.510076
1149453.867910,875469.645522,-7447.550757
1150460.488060,875469.645522,-7326.987722
1151467.108209,875469.645522,-7200.967652
1152473.728358,875469.645522,-7106.965570
1153480.348507,875469.645522,-6837.150239
1154486.968657,875469.645522,-6649.032575
1155493.588806,875469.645522,-6404.864803
1156500.208955,875469.645522,-6270.994385
1157506.829104,875469.645522,-6097.731233
1158513.449254,875469.645522,-5898.325810
1159520.069403,875469.645522,-5627.972355
1160526.689552,875469.645522,-5246.869129
1161533.309701,875469.645522,-4800.884159
1162539.929851,875469.645522,-4584.259897
1163546.550000,875469.645522,-4424.565032
1164553.170149,875469.645522,-4375.232707
1165559.790299,875469.645522,-4373.966545
1166566.410448,875469.645522,-4318.827463
1167573.030597,875469.645522,-3879.226341
1168579.650746,875469.645522,-3808.188957
1169586.270896,875469.645522,-3754.872394
1170592.891045,875469.645522,-3717.876354
1171599.511194,875469.645522,-3672.214609
1172606.131343,875469.645522,-3716.255056
1173612.751493,875469.645522,-3732.299175
1174619.371642,875469.645522,-3699.785167
1175625.991791,875469.645522,-3666.487382
1176632.611940,875469.645522,-3499.594395
1177639.232090,875469.645522,-3316.273384
1178645.852239,875469.645522,-3162.447940
1179652.472388,875469.645522,-3097.440846
1180659.092537,875469.645522,-3016.799995
1142407.526866,876475.907463,-7873.861237
1143414.147015,876475.907463,-7924.985986
1144420.767164,876475.907463,-7960.200406
1145427.387313,876475.907463,-7961.221535
1146434.007463,876475.907463,-7851.838284
1147440.627612,876475.907463,-7729.283610
1148447.247761,876475.907463,-7452.303452
1149453.867910,876475.907463,-7223.087489
1150460.488060,876475.907463,-7029.511021
1151467.108209,876475.907463,-6940.939552
1152473.728358,876475.907463,-6858.114553
1153480.348507,876475.907463,-6597.722129
1154486.968657,876475.907463,-6440.387665
1155493.588806,876475.907463,-6225.232429
1156500.208955,876475.907463,-6043.275162
1157506.829104,876475.907463,-5860.579036
1158513.449254,876475.907463,-5610.108299
1159520.069403,876475.907463,-5302.634103
1160526.689552,876475.907463,-4939.731338
1161533.309701,876475.907463,-4698.550711
1162539.929851,876475.907463,-4465.475992
1163546.550000,876475.907463,-4433.620645
1164553.170149,876475.907463,-4409.096545
1165559.790299,876475.907463,-4395.702834
1166566.410448,876475.907463,-3709.437764
1167573.030597,876475.907463,-3661.681780
1168579.650746,876475.907463,-3612.841390
1169586.270896,876475.907463,-3586.559320
1170592.891045,876475.907463,-3570.150232
1171599.511194,876475.907463,-3532.832965
1172606.131343,876475.907463,-3537.762778
1173612.751493,876475.907463,-3612.324159
1174619.371642,876475.907463,-3608.066093
1175625.991791,876475.907463,-3555.005327
1176632.611940,876475.907463,-3429.428646
1177639.232090,876475.907463,-3277.251290
1178645.852239,876475.907463,-3134.604039
1179652.472388,876475.907463,-3029.543110
1180659.092537,876475.907463,-2954.762816
1181665.712687,876475.907463,-2871.372373
1141400.906716,877482.169403,-7989.290795
1142407.526866,877482.169403,-7904.573925
1143414.147015,877482.169403,-7898.301339
1144420.767164,877482.169403,-7873.888871
1145427.387313,877482.169403,-7794.716952
1146434.007463,877482.169403,-7593.822171
1147440.627612,877482.169403,-7418.749514
1148447.247761,877482.169403,-7311.730262
1149453.867910,877482.169403,-7085.178047
1151467.108209,877482.169403,-6761.314091
1152473.728358,877482.169403,-6540.301110
1153480.348507,877482.169403,-6347.994182
1154486.968657,877482.169403,-6156.275050
1155493.588806,877482.169403,-5987.236592
1156500.208955,877482.169403,-5769.583432
1157506.829104,877482.169403,-5559.376791
1158513.449254,877482.169403,-5325.326687
1159520.069403,877482.169403,-5054.394952
1160526.689552,877482.169403,-4768.782792
1161533.309701,877482.169403,-4522.380826
1162539.929851,877482.169403,-4476.645175
1163546.550000,877482.169403,-4441.736888
1164553.170149,877482.169403,-4428.836950
1166566.410448,877482.169403,-3534.083312
1167573.030597,877482.169403,-3447.095411
1168579.650746,877482.169403,-3409.685135
1169586.270896,877482.169403,-3400.520968
1170592.891045,877482.169403,-3395.237558
1171599.511194,877482.169403,-3328.299063
1172606.131343,877482.169403,-3289.962159
1173612.751493,877482.169403,-3453.310405
1174619.371642,877482.169403,-3489.857575
1175625.991791,877482.169403,-3448.522366
1176632.611940,877482.169403,-3356.860990
1177639.232090,877482.169403,-3237.477495
1178645.852239,877482.169403,-3112.326346
1179652.472388,877482.169403,-2997.590010
1180659.092537,877482.169403,-2896.512477
1181665.712687,877482.169403,-2812.549942
1182672.332836,877482.169403,-2816.131777
1141400.906716,878488.431343,-7791.348514
1142407.526866,878488.431343,-7760.702326
1143414.147015,878488.431343,-7834.956331
1144420.767164,878488.431343,-7766.756076
1145427.387313,878488.431343,-7616.561999
1146434.007463,878488.431343,-7367.180831
1147440.627612,878488.431343,-7251.049790
1148447.247761,878488.431343,-7161.538744
1149453.867910,878488.431343,-6908.993115
1150460.488060,878488.431343,-6632.073035
1151467.108209,878488.431343,-6350.844988
1152473.728358,878488.431343,-6194.406608
1153480.348507,878488.431343,-6056.228643
1154486.968657,878488.431343,-5896.376760
1155493.588806,878488.431343,-5711.685234
1156500.208955,878488.431343,-5472.071825
1157506.829104,878488.431343,-5273.992088
1158513.449254,878488.431343,-5066.093268
1159520.069403,878488.431343,-4823.569331
1160526.689552,878488.431343,-4564.703799
1161533.309701,878488.431343,-4499.555116
1162539.929851,878488.431343,-4451.243795
1163546.550000,878488.431343,-4418.523405
1165559.790299,878488.431343,-3467.137178
1166566.410448,878488.431343,-3363.829735
1167573.030597,878488.431343,-3249.879587
1168579.650746,878488.431343,-3219.491335
1169586.270896,878488.431343,-3201.442481
1170592.891045,878488.431343,-3153.654185
1171599.511194,878488.431343,-3142.138073
1172606.131343,878488.431343,-3166.118346
1173612.751493,878488.431343,-3279.032655
1174619.371642,878488.431343,-3335.830829
1175625.991791,878488.431343,-3339.863832
1176632.611940,878488.431343,-3288.845285
1177639.232090,878488.431343,-3203.487064
1178645.852239,878488.431343,-3101.546554
1179652.472388,878488.431343,-2996.504791
1180659.092537,878488.431343,-2899.384731
1181665.712687,878488.431343,-2832.868656
1182672.332836,878488.431343,-2844.750132
1140394.286567,879494.693284,-7660.680412
1141400.906716,879494.693284,-7705.095406
1142407.526866,879494.693284,-7765.157487
1143414.147015,879494.693284,-7849.866948
1144420.767164,879494.693284,-7652.279810
1145427.387313,879494.693284,-7410.783692
1146434.007463,879494.693284,-7277.512723
1147440.627612,879494.693284,-7129.931411
1148447.247761,879494.693284,-6996.315216
1149453.867910,879494.693284,-6723.833991
1150460.488060,879494.693284,-6402.915667
1151467.108209,879494.693284,-6134.947973
1152473.728358,879494.693284,-5958.993483
1153480.348507,879494.693284,-5821.261998
1154486.968657,879494.693284,-5677.929879
1155493.588806,879494.693284,-5494.851987
1156500.208955,879494.693284,-5226.430063
1157506.829104,879494.693284,-5086.616170
1158513.449254,879494.693284,-4853.516841
1159520.069403,879494.693284,-4602.747080
1160526.689552,879494.693284,-4499.328379
1161533.309701,879494.693284,-4442.480867
1162539.929851,879494.693284,-4396.078799
1163546.550000,879494.693284,-3481.059978
1164553.170149,879494.693284,-3412.914984
1165559.790299,879494.693284,-3349.280132
1166566.410448,879494.693284,-3248.375099
1167573.030597,879494.693284,-3146.864967
1168579.650746,879494.693284,-3102.737778
1169586.270896,879494.693284,-3090.040639
1170592.891045,879494.693284,-3006.471788
1171599.511194,879494.693284,-2998.854362
1172606.131343,879494.693284,-3053.480882
1173612.751493,879494.693284,-3159.387753
1174619.371642,879494.693284,-3246.425813
1175625.991791,879494.693284,-3263.125635
1176632.611940,879494.693284,-3237.495253
1177639.232090,879494.693284,-3178.880572
1178645.852239,879494.693284,-3100.296581
1179652.472388,879494.693284,-3014.723789
1180659.092537,879494.693284,-2936.763374
1181665.712687,879494.693284,-2886.547157
1182672.332836,879494.693284,-2877.744028
1183678.952985,879494.693284,-2860.925804
1140394.286567,880500.955224,-7752.715838
1141400.906716,880500.955224,-7680.030215
1142407.526866,880500.955224,-7706.220889
1143414.147015,880500.955224,-7707.990161
1144420.767164,880500.955224,-7480.926800
1145427.387313,880500.955224,-7295.673010
1146434.007463,880500.955224,-7171.157806
1147440.627612,880500.955224,-7011.039585
1148447.247761,880500.955224,-6833.249983
1149453.867910,880500.955224,-6460.575674
1150460.488060,880500.955224,-6201.387657
1151467.108209,880500.955224,-5962.429942
1152473.728358,880500.955224,-5771.331221
1153480.348507,880500.955224,-5623.181446
1154486.968657,880500.955224,-5491.467501
1155493.588806,880500.955224,-5342.231501
1156500.208955,880500.955224,-5066.947040
1157506.829104,880500.955224,-4837.932339
1158513.449254,880500.955224,-4624.929968
1159520.069403,880500.955224,-4481.555594
1160526.689552,880500.955224,-4416.262943
1161533.309701,880500.955224,-4359.988426
1162539.929851,880500.955224,-3458.741189
1163546.550000,880500.955224,-3386.229533
1164553.170149,880500.955224,-3320.491677
1165559.790299,880500.955224,-3254.428265
1166566.410448,880500.955224,-3163.301152
1167573.030597,880500.955224,-3059.195163
1168579.650746,880500.955224,-3001.707476
1169586.270896,880500.955224,-2876.547383
1170592.891045,880500.955224,-2822.319301
1171599.511194,880500.955224,-2854.066921
1172606.131343,880500.955224,-2938.313871
1173612.751493,880500.955224,-3049.268858
1174619.371642,880500.955224,-3143.648005
1175625.991791,880500.955224,-3196.243141
1176632.611940,880500.955224,-3197.700824
1177639.232090,880500.955224,-3159.247574
1178645.852239,880500.955224,-3098.793485
1179652.472388,880500.955224,-3030.635220
1180659.092537,880500.955224,-2968.059999
1181665.712687,880500.955224,-2924.372431
1182672.332836,880500.955224,-2903.539908
1183678.952985,880500.955224,-2883.228205
1140394.286567,881507.217164,-7728.129620
1141400.906716,881507.217164,-7688.635345
1142407.526866,881507.217164,-7655.487121
1143414.147015,881507.217164,-7540.532590
1144420.767164,881507.217164,-7345.682401
1145427.387313,881507.217164,-7177.262969
1146434.007463,881507.217164,-7030.937705
1147440.627612,881507.217164,-6813.553258
1148447.247761,881507.217164,-6629.676951
1149453.867910,881507.217164,-6329.418750
1150460.488060,881507.217164,-6078.577226
1151467.108209,881507.217164,-5814.142260
1152473.728358,881507.217164,-5591.363119
1153480.348507,881507.217164,-5417.544316
1154486.968657,881507.217164,-5263.383772
1155493.588806,881507.217164,-5088.969584
1156500.208955,881507.217164,-4848.325542
1157506.829104,881507.217164,-4612.901905
1158513.449254,881507.217164,-4457.628547
1159520.069403,881507.217164,-4379.494451
1160526.689552,881507.217164,-4312.948056
1161533.309701,881507.217164,-3462.067899
1162539.929851,881507.217164,-3329.045115
1163546.550000,881507.217164,-3280.955329
1164553.170149,881507.217164,-3231.621506
1165559.790299,881507.217164,-3183.723063
1166566.410448,881507.217164,-3105.708612
1167573.030597,881507.217164,-2971.962967
1168579.650746,881507.217164,-2908.591802
1169586.270896,881507.217164,-2809.115931
1170592.891045,881507.217164,-2703.441619
1171599.511194,881507.217164,-2748.700985
1172606.131343,881507.217164,-2849.022261
1173612.751493,881507.217164,-2973.469944
1174619.371642,881507.217164,-3089.854890
1175625.991791,881507.217164,-3164.188280
1176632.611940,881507.217164,-3173.335390
1177639.232090,881507.217164,-3140.110452
1178645.852239,881507.217164,-3088.638442
1179652.472388,881507.217164,-3031.990197
1180659.092537,881507.217164,-2979.462270
1181665.712687,881507.217164,-2938.703188
1182672.332836,881507.217164,-2910.572584
1183678.952985,881507.217164,-2883.707631
1184685.573134,881507.217164,-2848.159560
1139387.666418,882513.479104,-7640.934134
1140394.286567,882513.479104,-7667.244799
1141400.906716,882513.479104,-7667.173033
1142407.526866,882513.479104,-7632.030231
1143414.147015,882513.479104,-7472.865696
1144420.767164,882513.479104,-7248.982352
1145427.387313,882513.479104,-7006.871722
1146434.007463,882513.479104,-6779.452849
1147440.627612,882513.479104,-6518.161989
1148447.247761,882513.479104,-6345.671201
1149453.867910,882513.479104,-6122.561168
1150460.488060,882513.479104,-5893.001151
1151467.108209,882513.479104,-5639.308029
1152473.728358,882513.479104,-5394.715838
1153480.348507,882513.479104,-5200.455768
1154486.968657,882513.479104,-5024.376389
1155493.588806,882513.479104,-4835.748608
1156500.208955,882513.479104,-4615.168221
1157506.829104,882513.479104,-4440.051418
1158513.449254,882513.479104,-4348.398493
1159520.069403,882513.479104,-4264.193838
1160526.689552,882513.479104,-3513.822576
1161533.309701,882513.479104,-3350.795143
1162539.929851,882513.479104,-3183.242099
1163546.550000,882513.479104,-3176.097321
1164553.170149,882513.479104,-3138.010152
1165559.790299,882513.479104,-3124.291346
1166566.410448,882513.479104,-3080.230102
1167573.030597,882513.479104,-2949.105066
1168579.650746,882513.479104,-2841.986275
1169586.270896,882513.479104,-2745.672868
1170592.891045,882513.479104,-2676.536712
1171599.511194,882513.479104,-2702.801149
1172606.131343,882513.479104,-2792.893530
1173612.751493,882513.479104,-2919.345899
1174619.371642,882513.479104,-3056.312145
1175625.991791,882513.479104,-3164.371772
1176632.611940,882513.479104,-3149.137210
1177639.232090,882513.479104,-3109.385983
1178645.852239,882513.479104,-3062.522556
1179652.472388,882513.479104,-3014.596576
1180659.092537,882513.479104,-2969.990947
1181665.712687,882513.479104,-2933.050358
1182672.332836,882513.479104,-2905.460259
1183678.952985,882513.479104,-2883.586877
1184685.573134,882513.479104,-2854.226048
1139387.666418,883519.741045,-7519.812215
1140394.286567,883519.741045,-7565.843125
1141400.906716,883519.741045,-7593.563522
1142407.526866,883519.741045,-7576.831766
1143414.147015,883519.741045,-7445.934983
1144420.767164,883519.741045,-7145.088908
1145427.387313,883519.741045,-6767.352827
1146434.007463,883519.741045,-6524.723248
1147440.627612,883519.741045,-6310.211496
1148447.247761,883519.741045,-6116.420034
1149453.867910,883519.741045,-5913.961710
1150460.488060,883519.741045,-5706.778470
1151467.108209,883519.741045,-5486.323450
1152473.728358,883519.741045,-5198.066945
1153480.348507,883519.741045,-4986.319830
1154486.968657,883519.741045,-4792.910208
1155493.588806,883519.741045,-4595.423835
1156500.208955,883519.741045,-4430.506215
1157506.829104,883519.741045,-4331.234012
1158513.449254,883519.741045,-4238.586521
1159520.069403,883519.741045,-4150.832946
1160526.689552,883519.741045,-3412.889239
1161533.309701,883519.741045,-3273.678421
1162539.929851,883519.741045,-3134.503536
1163546.550000,883519.741045,-3056.449336
1164553.170149,883519.741045,-3013.877382
1165559.790299,883519.741045,-3022.586234
1166566.410448,883519.741045,-2949.739952
1167573.030597,883519.741045,-2852.197170
1168579.650746,883519.741045,-2764.524354
1169586.270896,883519.741045,-2693.224000
1170592.891045,883519.741045,-2653.404178
1171599.511194,883519.741045,-2673.771916
1172606.131343,883519.741045,-2746.811920
1173612.751493,883519.741045,-2853.948867
1174619.371642,883519.741045,-2969.404860
1175625.991791,883519.741045,-3055.324067
1176632.611940,883519.741045,-3068.107971
1177639.232090,883519.741045,-3047.972974
1178645.852239,883519.741045,-3015.757307
1179652.472388,883519.741045,-2979.543570
1180659.092537,883519.741045,-2943.316065
1181665.712687,883519.741045,-2910.387474
1182672.332836,883519.741045,-2882.566050
1183678.952985,883519.741045,-2857.687551
1184685.573134,883519.741045,-2828.132858
1185692.193284,883519.741045,-2791.508083
1139387.666418,884526.002985,-7361.605843
1140394.286567,884526.002985,-7408.855629
1141400.906716,884526.002985,-7440.770028
1142407.526866,884526.002985,-7430.821358
1143414.147015,884526.002985,-7298.518082
1144420.767164,884526.002985,-7100.412485
1145427.387313,884526.002985,-6667.875916
1146434.007463,884526.002985,-6270.061052
1147440.627612,884526.002985,-6057.432350
1148447.247761,884526.002985,-5877.973353
1149453.867910,884526.002985,-5684.402130
1150460.488060,884526.002985,-5479.157895
1151467.108209,884526.002985,-5253.608427
1152473.728358,884526.002985,-4996.119919
1153480.348507,884526.002985,-4782.087351
1155493.588806,884526.002985,-4424.423177
1156500.208955,884526.002985,-4320.681744
1157506.829104,884526.002985,-4221.126357
1158513.449254,884526.002985,-4127.736072
1159520.069403,884526.002985,-3428.535192
1160526.689552,884526.002985,-3303.775691
1161533.309701,884526.002985,-3164.495297
1162539.929851,884526.002985,-3168.608878
1163546.550000,884526.002985,-2973.105206
1164553.170149,884526.002985,-2888.186153
1165559.790299,884526.002985,-2780.225051
1166566.410448,884526.002985,-2756.294330
1167573.030597,884526.002985,-2722.882898
1168579.650746,884526.002985,-2681.665007
1169586.270896,884526.002985,-2645.198330
1170592.891045,884526.002985,-2629.064612
1171599.511194,884526.002985,-2649.268416
1172606.131343,884526.002985,-2706.180992
1173612.751493,884526.002985,-2788.802594
1174619.371642,884526.002985,-2877.345031
1175625.991791,884526.002985,-2945.640706
1176632.611940,884526.002985,-2973.083695
1177639.232090,884526.002985,-2972.587648
1178645.852239,884526.002985,-2957.192282
1179652.472388,884526.002985,-2933.994526
1180659.092537,884526.002985,-2906.928752
1181665.712687,884526.002985,-2879.262316
1182672.332836,884526.002985,-2853.576867
1183678.952985,884526.002985,-2830.282589
1184685.573134,884526.002985,-2807.537644
1185692.193284,884526.002985,-2787.406758
1139387.666418,885532.264925,-7162.225765
1140394.286567,885532.264925,-7188.576373
1141400.906716,885532.264925,-7191.349186
1142407.526866,885532.264925,-7145.080112
1143414.147015,885532.264925,-7011.788912
1144420.767164,885532.264925,-6798.029783
1145427.387313,885532.264925,-6458.821219
1146434.007463,885532.264925,-6122.443202
1147440.627612,885532.264925,-5877.658110
1148447.247761,885532.264925,-5662.707109
1149453.867910,885532.264925,-5451.624345
1150460.488060,885532.264925,-5233.674959
1151467.108209,885532.264925,-5007.993410
1152473.728358,885532.264925,-4772.001570
1154486.968657,885532.264925,-4416.186936
1155493.588806,885532.264925,-4310.682849
1156500.208955,885532.264925,-4206.780008
1157506.829104,885532.264925,-4106.501641
1158513.449254,885532.264925,-3436.697424
1159520.069403,885532.264925,-3312.905688
1160526.689552,885532.264925,-3185.380883
1161533.309701,885532.264925,-3048.058262
1162539.929851,885532.264925,-3131.362340
1163546.550000,885532.264925,-2836.334006
1164553.170149,885532.264925,-2717.621214
1165559.790299,885532.264925,-2618.480456
1166566.410448,885532.264925,-2626.099849
1167573.030597,885532.264925,-2629.980324
1168579.650746,885532.264925,-2621.566839
1169586.270896,885532.264925,-2610.828709
1170592.891045,885532.264925,-2610.268805
1171599.511194,885532.264925,-2630.485558
1172606.131343,885532.264925,-2674.068798
1173612.751493,885532.264925,-2735.237658
1174619.371642,885532.264925,-2801.200211
1175625.991791,885532.264925,-2855.804642
1176632.611940,885532.264925,-2887.738340
1177639.232090,885532.264925,-2899.608921
1178645.852239,885532.264925,-2897.463681
1179652.472388,885532.264925,-2885.811110
1180659.092537,885532.264925,-2867.848098
1181665.712687,885532.264925,-2846.811976
1182672.332836,885532.264925,-2826.199595
1183678.952985,885532.264925,-2808.964143
1184685.573134,885532.264925,-2797.574094
1185692.193284,885532.264925,-2796.719559
1186698.813433,885532.264925,-2813.632954
1138381.046269,886538.526866,-6916.708200
1139387.666418,886538.526866,-6928.701091
1140394.286567,886538.526866,-6921.141195
1141400.906716,886538.526866,-6880.624120
1142407.526866,886538.526866,-6790.524593
1143414.147015,886538.526866,-6635.866695
1144420.767164,886538.526866,-6421.131444
1145427.387313,886538.526866,-6156.957891
1146434.007463,886538.526866,-5921.233387
1147440.627612,886538.526866,-5700.817716
1148447.247761,886538.526866,-5400.910979
1149453.867910,886538.526866,-5186.675652
1150460.488060,886538.526866,-4972.588627
1151467.108209,886538.526866,-4748.816568
1152473.728358,886538.526866,-4509.984975
1153480.348507,886538.526866,-4403.561929
1154486.968657,886538.526866,-4298.246713
1155493.588806,886538.526866,-4191.526136
1156500.208955,886538.526866,-4083.069674
1157506.829104,886538.526866,-3465.927966
1158513.449254,886538.526866,-3320.362068
1159520.069403,886538.526866,-3189.983760
1160526.689552,886538.526866,-3053.891292
1161533.309701,886538.526866,-3024.764215
1162539.929851,886538.526866,-2831.308844
1163546.550000,886538.526866,-2658.798534
1164553.170149,886538.526866,-2693.369733
1165559.790299,886538.526866,-2634.893803
1166566.410448,886538.526866,-2608.768585
1167573.030597,886538.526866,-2601.043806
1168579.650746,886538.526866,-2597.395608
1169586.270896,886538.526866,-2595.938920
1170592.891045,886538.526866,-2601.260914
1171599.511194,886538.526866,-2619.018328
1172606.131343,886538.526866,-2651.484453
1173612.751493,886538.526866,-2695.816240
1174619.371642,886538.526866,-2744.440964
1175625.991791,886538.526866,-2787.721973
1176632.611940,886538.526866,-2818.638012
1177639.232090,886538.526866,-2836.273698
1178645.852239,886538.526866,-2842.593376
1179652.472388,886538.526866,-2839.798822
1180659.092537,886538.526866,-2830.051262
1181665.712687,886538.526866,-2816.212289
1182672.332836,886538.526866,-2802.050311
1183678.952985,886538.526866,-2791.568702
1184685.573134,886538.526866,-2788.353822
1185692.193284,886538.526866,-2795.503283
1138381.046269,887544.788806,-6690.473876
1139387.666418,887544.788806,-6675.180484
1140394.286567,887544.788806,-6630.554897
1141400.906716,887544.788806,-6544.376339
1142407.526866,887544.788806,-6408.799265
1143414.147015,887544.788806,-6221.356109
1144420.767164,887544.788806,-5989.729358
1145427.387313,887544.788806,-5734.305058
1146434.007463,887544.788806,-5500.446187
1147440.627612,887544.788806,-5309.596560
1148447.247761,887544.788806,-5136.178604
1149453.867910,887544.788806,-4933.931355
1150460.488060,887544.788806,-4717.752922
1151467.108209,887544.788806,-4475.063223
1152473.728358,887544.788806,-4381.096609
1153480.348507,887544.788806,-4282.387182
1154486.968657,887544.788806,-4176.497859
1155493.588806,887544.788806,-4066.868760
1156500.208955,887544.788806,-3957.555280
1157506.829104,887544.788806,-3347.537325
1158513.449254,887544.788806,-3198.147128
1159520.069403,887544.788806,-3056.805074
1160526.689552,887544.788806,-2916.726055
1161533.309701,887544.788806,-2757.810416
1162539.929851,887544.788806,-2589.530751
1163546.550000,887544.788806,-2615.981280
1164553.170149,887544.788806,-2751.821974
1165559.790299,887544.788806,-2671.646273
1166566.410448,887544.788806,-2620.732778
1167573.030597,887544.788806,-2600.566053
1168579.650746,887544.788806,-2594.435325
1169586.270896,887544.788806,-2594.214896
1170592.891045,887544.788806,-2599.442223
1171599.511194,887544.788806,-2612.668432
1172606.131343,887544.788806,-2635.562031
1173612.751493,887544.788806,-2666.888621
1174619.371642,887544.788806,-2702.348960
1175625.991791,887544.788806,-2736.157089
1176632.611940,887544.788806,-2763.626712
1177639.232090,887544.788806,-2782.870051
1178645.852239,887544.788806,-2793.899496
1179652.472388,887544.788806,-2797.427342
1180659.092537,887544.788806,-2794.678732
1181665.712687,887544.788806,-2787.874947
1182672.332836,887544.788806,-2780.386190
1183678.952985,887544.788806,-2776.079519
1184685.573134,887544.788806,-2778.284444
1138381.046269,888551.050746,-6457.873384
1139387.666418,888551.050746,-6418.060440
1140394.286567,888551.050746,-6341.576019
1141400.906716,888551.050746,-6215.694844
1142407.526866,888551.050746,-6040.298553
1143414.147015,888551.050746,-5820.193012
1144420.767164,888551.050746,-5563.583272
1145427.387313,888551.050746,-5289.201868
1146434.007463,888551.050746,-5043.858784
1147440.627612,888551.050746,-4926.409298
1148447.247761,888551.050746,-4844.879100
1149453.867910,888551.050746,-4676.157667
1150460.488060,888551.050746,-4433.956361
1151467.108209,888551.050746,-4349.377430
1152473.728358,888551.050746,-4256.988041
1153480.348507,888551.050746,-4155.587560
1154486.968657,888551.050746,-4047.394142
1155493.588806,888551.050746,-3938.242978
1156500.208955,888551.050746,-3383.057923
1157506.829104,888551.050746,-3216.043550
1158513.449254,888551.050746,-3057.540758
1159520.069403,888551.050746,-2909.836781
1160526.689552,888551.050746,-2795.511185
1161533.309701,888551.050746,-2578.140035
1162539.929851,888551.050746,-2497.152824
1163546.550000,888551.050746,-2533.226736
1164553.170149,888551.050746,-2617.407536
1165559.790299,888551.050746,-2608.269872
1166566.410448,888551.050746,-2597.759100
1167573.030597,888551.050746,-2593.012838
1168579.650746,888551.050746,-2592.863398
1169586.270896,888551.050746,-2594.544242
1170592.891045,888551.050746,-2598.414304
1171599.511194,888551.050746,-2606.789858
1172606.131343,888551.050746,-2621.605429
1173612.751493,888551.050746,-2642.845240
1174619.371642,888551.050746,-2668.268821
1175625.991791,888551.050746,-2694.350360
1176632.611940,888551.050746,-2717.815333
1177639.232090,888551.050746,-2736.695438
1178645.852239,888551.050746,-2750.206038
1179652.472388,888551.050746,-2758.251133
1180659.092537,888551.050746,-2761.365971
1181665.712687,888551.050746,-2761.071034
1182672.332836,888551.050746,-2759.990541
1137374.426119,889557.312687,-6259.902314
1138381.046269,889557.312687,-6228.302842
1139387.666418,889557.312687,-6170.442290
1140394.286567,889557.312687,-6073.174780
1141400.906716,889557.312687,-5918.684825
1142407.526866,889557.312687,-5716.343675
1143414.147015,889557.312687,-5476.462704
1144420.767164,889557.312687,-5206.188827
1145427.387313,889557.312687,-4917.514749
1146434.007463,889557.312687,-4648.219940
1147440.627612,889557.312687,-4584.046416
1148447.247761,889557.312687,-4561.442770
1149453.867910,889557.312687,-4378.295864
1150460.488060,889557.312687,-4302.274281
1151467.108209,889557.312687,-4219.069379
1152473.728358,889557.312687,-4124.620647
1153480.348507,889557.312687,-4020.645311
1154486.968657,889557.312687,-3913.551224
1155493.588806,889557.312687,-3436.152340
1156500.208955,889557.312687,-3270.440701
1157506.829104,889557.312687,-3091.705187
1158513.449254,889557.312687,-2912.947190
1159520.069403,889557.312687,-2762.738828
1160526.689552,889557.312687,-2716.657093
1161533.309701,889557.312687,-2511.573627
1162539.929851,889557.312687,-2445.102613
1163546.550000,889557.312687,-2465.399713
1164553.170149,889557.312687,-2533.557531
1165559.790299,889557.312687,-2575.941514
1166566.410448,889557.312687,-2571.051495
1167573.030597,889557.312687,-2577.394374
1168579.650746,889557.312687,-2584.420084
1169586.270896,889557.312687,-2589.104815
1170592.891045,889557.312687,-2592.364910
1171599.511194,889557.312687,-2596.916160
1172606.131343,889557.312687,-2605.398218
1173612.751493,889557.312687,-2618.947792
1174619.371642,889557.312687,-2636.798645
1175625.991791,889557.312687,-2656.865398
1176632.611940,889557.312687,-2676.797830
1177639.232090,889557.312687,-2694.801312
1178645.852239,889557.312687,-2709.810518
1179652.472388,889557.312687,-2721.326417
1180659.092537,889557.312687,-2729.424535
1181665.712687,889557.312687,-2735.009921
1137374.426119,890563.574627,-6051.459945
1138381.046269,890563.574627,-6006.876921
1139387.666418,890563.574627,-5936.659236
1140394.286567,890563.574627,-5829.364015
1141400.906716,890563.574627,-5660.262754
1142407.526866,890563.574627,-5449.118562
1143414.147015,890563.574627,-5210.960170
1144420.767164,890563.574627,-4956.048591
1145427.387313,890563.574627,-4700.964012
1146434.007463,890563.574627,-4484.869912
1147440.627612,890563.574627,-4378.039202
1148447.247761,890563.574627,-4311.693779
1149453.867910,890563.574627,-4243.812811
1150460.488060,890563.574627,-4165.546265
1151467.108209,890563.574627,-4080.468949
1152473.728358,890563.574627,-3984.414803
1153480.348507,890563.574627,-3882.136464
1154486.968657,890563.574627,-3495.610933
1155493.588806,890563.574627,-3348.727534
1156500.208955,890563.574627,-3182.219085
1157506.829104,890563.574627,-2996.356928
1158513.449254,890563.574627,-2798.750849
1159520.069403,890563.574627,-2614.349154
1160526.689552,890563.574627,-2535.331580
1161533.309701,890563.574627,-2510.256434
1162539.929851,890563.574627,-2435.351783
1163546.550000,890563.574627,-2420.322693
1164553.170149,890563.574627,-2472.282115
1165559.790299,890563.574627,-2522.220797
1166566.410448,890563.574627,-2532.804595
1167573.030597,890563.574627,-2553.455573
1168579.650746,890563.574627,-2566.335649
1169586.270896,890563.574627,-2574.123588
1170592.891045,890563.574627,-2577.966079
1171599.511194,890563.574627,-2580.294871
1172606.131343,890563.574627,-2584.327234
1173612.751493,890563.574627,-2592.298967
1174619.371642,890563.574627,-2604.657822
1175625.991791,890563.574627,-2620.363407
1176632.611940,890563.574627,-2637.721734
1177639.232090,890563.574627,-2655.140976
1178645.852239,890563.574627,-2671.461702
1179652.472388,890563.574627,-2685.973202
1137374.426119,891569.836567,-5850.859981
1138381.046269,891569.836567,-5795.488813
1139387.666418,891569.836567,-5714.181930
1140394.286567,891569.836567,-5596.332029
1141400.906716,891569.836567,-5431.483573
1142407.526866,891569.836567,-5231.352635
1143414.147015,891569.836567,-5011.222382
1144420.767164,891569.836567,-4784.522301
1145427.387313,891569.836567,-4567.822823
1146434.007463,891569.836567,-4387.300350
1147440.627612,891569.836567,-4269.890668
1148447.247761,891569.836567,-4190.269493
1149453.867910,891569.836567,-4110.043619
1150460.488060,891569.836567,-4022.629412
1151467.108209,891569.836567,-3937.442340
1152473.728358,891569.836567,-3843.414794
1153480.348507,891569.836567,-3553.942384
1154486.968657,891569.836567,-3423.309128
1155493.588806,891569.836567,-3280.543046
1156500.208955,891569.836567,-3122.454413
1157506.829104,891569.836567,-2949.035346
1158513.449254,891569.836567,-2771.665736
1159520.069403,891569.836567,-2621.096157
1160526.689552,891569.836567,-2545.703709
1161533.309701,891569.836567,-2520.515103
1162539.929851,891569.836567,-2440.104919
1163546.550000,891569.836567,-2408.009282
1164553.170149,891569.836567,-2443.769174
1165559.790299,891569.836567,-2492.094026
1166566.410448,891569.836567,-2527.807879
1167573.030597,891569.836567,-2534.946250
1168579.650746,891569.836567,-2540.591609
1169586.270896,891569.836567,-2549.393928
1170592.891045,891569.836567,-2554.668408
1171599.511194,891569.836567,-2556.141968
1172606.131343,891569.836567,-2557.342251
1173612.751493,891569.836567,-2561.564188
1174619.371642,891569.836567,-2570.275769
1175625.991791,891569.836567,-2583.217417
1176632.611940,891569.836567,-2599.163477
1177639.232090,891569.836567,-2616.681429
1178645.852239,891569.836567,-2634.565443
1137374.426119,892576.098507,-5660.524515
1138381.046269,892576.098507,-5598.141628
1139387.666418,892576.098507,-5511.154462
1140394.286567,892576.098507,-5392.047247
1141400.906716,892576.098507,-5237.050474
1142407.526866,892576.098507,-5054.386009
1143414.147015,892576.098507,-4857.224733
1144420.767164,892576.098507,-4658.507762
1145427.387313,892576.098507,-4471.490091
1146434.007463,892576.098507,-4311.072346
1147440.627612,892576.098507,-4186.948887
1148447.247761,892576.098507,-4086.692622
1149453.867910,892576.098507,-3988.583553
1150460.488060,892576.098507,-3885.628868
1151467.108209,892576.098507,-3796.151123
1152473.728358,892576.098507,-3611.854909
1153480.348507,892576.098507,-3488.920625
1154486.968657,892576.098507,-3360.473793
1155493.588806,892576.098507,-3225.110222
1156500.208955,892576.098507,-3080.340252
1157506.829104,892576.098507,-2926.900703
1158513.449254,892576.098507,-2775.590443
1159520.069403,892576.098507,-2649.237521
1160526.689552,892576.098507,-2570.619535
1161533.309701,892576.098507,-2526.414279
1162539.929851,892576.098507,-2480.050235
1163546.550000,892576.098507,-2466.155089
1164553.170149,892576.098507,-2441.197076
1165559.790299,892576.098507,-2466.307087
1166566.410448,892576.098507,-2503.747705
1167573.030597,892576.098507,-2499.963310
1168579.650746,892576.098507,-2500.583689
1169586.270896,892576.098507,-2515.669178
1170592.891045,892576.098507,-2523.866220
1171599.511194,892576.098507,-2524.879832
1172606.131343,892576.098507,-2524.165867
1173612.751493,892576.098507,-2526.181369
1174619.371642,892576.098507,-2533.019096
1175625.991791,892576.098507,-2544.830639
1176632.611940,892576.098507,-2560.650796
1136367.805970,893582.360448,-5528.726837
1137374.426119,893582.360448,-5481.108872
1138381.046269,893582.360448,-5415.832763
1139387.666418,893582.360448,-5328.403537
1140394.286567,893582.360448,-5213.999210
1141400.906716,893582.360448,-5071.570634
1142407.526866,893582.360448,-4907.473659
1143414.147015,893582.360448,-4732.321619
1144420.767164,893582.360448,-4556.936576
1145427.387313,893582.360448,-4391.015198
1146434.007463,893582.360448,-4242.758202
1147440.627612,893582.360448,-4115.511873
1148447.247761,893582.360448,-4002.623683
1149453.867910,893582.360448,-3892.514298
1150460.488060,893582.360448,-3778.716495
1151467.108209,893582.360448,-3665.958354
1152473.728358,893582.360448,-3550.781082
1153480.348507,893582.360448,-3429.306267
1154486.968657,893582.360448,-3304.426393
1155493.588806,893582.360448,-3176.643979
1156500.208955,893582.360448,-3044.845684
1157506.829104,893582.360448,-2910.057224
1158513.449254,893582.360448,-2780.125735
1159520.069403,893582.360448,-2669.259685
1160526.689552,893582.360448,-2588.337296
1161533.309701,893582.360448,-2530.711905
1162539.929851,893582.360448,-2480.194009
1163546.550000,893582.360448,-2438.061124
1164553.170149,893582.360448,-2394.749259
1165559.790299,893582.360448,-2415.183076
1166566.410448,893582.360448,-2442.988793
1167573.030597,893582.360448,-2451.058769
1168579.650746,893582.360448,-2457.069905
1169586.270896,893582.360448,-2481.749825
1170592.891045,893582.360448,-2488.811006
1171599.511194,893582.360448,-2486.733586
1172606.131343,893582.360448,-2484.207099
1173612.751493,893582.360448,-2485.652263
1174619.371642,893582.360448,-2492.661646
1175625.991791,893582.360448,-2505.195285
1136367.805970,894588.622388,-5360.228602
1137374.426119,894588.622388,-5311.697288
1138381.046269,894588.622388,-5246.923645
1139387.666418,894588.622388,-5162.766853
1140394.286567,894588.622388,-5056.248647
1141400.906716,894588.622388,-4927.341590
1142407.526866,894588.622388,-4780.948647
1143414.147015,894588.622388,-4625.263736
1144420.767164,894588.622388,-4468.785803
1145427.387313,894588.622388,-4318.558990
1146434.007463,894588.622388,-4179.462499
1147440.627612,894588.622388,-4052.937861
1148447.247761,894588.622388,-3935.831563
1149453.867910,894588.622388,-3823.010863
1150460.488060,894588.622388,-3712.009099
1151467.108209,894588.622388,-3603.957739
1152473.728358,894588.622388,-3491.644878
1153480.348507,894588.622388,-3374.039169
1154486.968657,894588.622388,-3253.723707
1155493.588806,894588.622388,-3132.633806
1156500.208955,894588.622388,-3011.234193
1157506.829104,894588.622388,-2890.776064
1158513.449254,894588.622388,-2776.340851
1159520.069403,894588.622388,-2676.118273
1160526.689552,894588.622388,-2595.436865
1161533.309701,894588.622388,-2530.864041
1162539.929851,894588.622388,-2474.495137
1163546.550000,894588.622388,-2424.830421
1164553.170149,894588.622388,-2386.361939
1165559.790299,894588.622388,-2383.928934
1166566.410448,894588.622388,-2398.059961
1167573.030597,894588.622388,-2414.612072
1168579.650746,894588.622388,-2436.785630
1169586.270896,894588.622388,-2455.697717
1170592.891045,894588.622388,-2447.387849
1171599.511194,894588.622388,-2438.488833
1172606.131343,894588.622388,-2435.659190
1173612.751493,894588.622388,-2439.477997
1174619.371642,894588.622388,-2449.454107
1136367.805970,895594.884328,-5198.089162
1137374.426119,895594.884328,-5150.747355
1138381.046269,895594.884328,-5088.834246
1139387.666418,895594.884328,-5010.184189
1140394.286567,895594.884328,-4912.979067
1141400.906716,895594.884328,-4797.515283
1142407.526866,895594.884328,-4667.443984
1143414.147015,895594.884328,-4528.879108
1144420.767164,895594.884328,-4388.302912
1145427.387313,895594.884328,-4250.975936
1146434.007463,895594.884328,-4120.249745
1147440.627612,895594.884328,-3997.170947
1148447.247761,895594.884328,-3880.502404
1149453.867910,895594.884328,-3768.071846
1150460.488060,895594.884328,-3658.451923
1151467.108209,895594.884328,-3550.462182
1152473.728358,895594.884328,-3439.825033
1153480.348507,895594.884328,-3325.458416
1154486.968657,895594.884328,-3209.269822
1155493.588806,895594.884328,-3093.605660
1156500.208955,895594.884328,-2979.884070
1157506.829104,895594.884328,-2869.535660
1158513.449254,895594.884328,-2765.794524
1159520.069403,895594.884328,-2673.239026
1160526.689552,895594.884328,-2594.470629
1161533.309701,895594.884328,-2527.545972
1162539.929851,895594.884328,-2468.428835
1163546.550000,895594.884328,-2416.461637
1164553.170149,895594.884328,-2376.485079
1165559.790299,895594.884328,-2358.461431
1166566.410448,895594.884328,-2357.306458
1167573.030597,895594.884328,-2366.674741
1168579.650746,895594.884328,-2384.594429
1169586.270896,895594.884328,-2400.138536
1170592.891045,895594.884328,-2379.877790
1171599.511194,895594.884328,-2372.716894
1172606.131343,895594.884328,-2377.119278
1135361.185821,896601.146269,-5075.273584
1136367.805970,896601.146269,-5041.670162
1137374.426119,896601.146269,-4996.886697
1138381.046269,896601.146269,-4939.264329
1139387.666418,896601.146269,-4867.261608
1140394.286567,896601.146269,-4779.755383
1141400.906716,896601.146269,-4677.093492
1142407.526866,896601.146269,-4561.898962
1143414.147015,896601.146269,-4438.603588
1144420.767164,896601.146269,-4312.057493
1145427.387313,896601.146269,-4186.284890
1146434.007463,896601.146269,-4063.882557
1147440.627612,896601.146269,-3945.877835
1148447.247761,896601.146269,-3831.972625
1149453.867910,896601.146269,-3721.247882
1150460.488060,896601.146269,-3612.733877
1151467.108209,896601.146269,-3505.039594
1152473.728358,896601.146269,-3395.785202
1153480.348507,896601.146269,-3284.239360
1154486.968657,896601.146269,-3171.814982
1155493.588806,896601.146269,-3060.742265
1156500.208955,896601.146269,-2952.816251
1157506.829104,896601.146269,-2849.552189
1158513.449254,896601.146269,-2753.111587
1159520.069403,896601.146269,-2666.062054
1160526.689552,896601.146269,-2589.620749
1161533.309701,896601.146269,-2522.507034
1162539.929851,896601.146269,-2462.382620
1163546.550000,896601.146269,-2408.804307
1164553.170149,896601.146269,-2364.631512
1165559.790299,896601.146269,-2334.213403
1166566.410448,896601.146269,-2316.279868
1167573.030597,896601.146269,-2306.380816
1168579.650746,896601.146269,-2298.766293
1169586.270896,896601.146269,-2286.624415
1170592.891045,896601.146269,-2279.011451
1171599.511194,896601.146269,-2293.122977
1135361.185821,897607.408209,-4922.428180
1136367.805970,897607.408209,-4890.702156
1137374.426119,897607.408209,-4849.288855
1138381.046269,897607.408209,-4796.709115
1139387.666418,897607.408209,-4731.781786
1140394.286567,897607.408209,-4653.773527
1141400.906716,897607.408209,-4562.984209
1142407.526866,897607.408209,-4461.247017
1143414.147015,897607.408209,-4351.697829
1144420.767164,897607.408209,-4237.899225
1145427.387313,897607.408209,-4122.945553
1146434.007463,897607.408209,-4008.959550
1147440.627612,897607.408209,-3896.976569
1148447.247761,897607.408209,-3787.140895
1149453.867910,897607.408209,-3679.111549
1150460.488060,897607.408209,-3572.321664
1151467.108209,897607.408209,-3465.848304
1152473.728358,897607.408209,-3358.477543
1153480.348507,897607.408209,-3249.912117
1154486.968657,897607.408209,-3141.287069
1155493.588806,897607.408209,-3034.535375
1156500.208955,897607.408209,-2931.456162
1157506.829104,897607.408209,-2833.524095
1158513.449254,897607.408209,-2742.285003
1159520.069403,897607.408209,-2659.224772
1160526.689552,897607.408209,-2584.869365
1161533.309701,897607.408209,-2518.262032
1162539.929851,897607.408209,-2457.786483
1163546.550000,897607.408209,-2402.804473
1164553.170149,897607.408209,-2354.537439
1165559.790299,897607.408209,-2314.943489
1166566.410448,897607.408209,-2283.664368
1167573.030597,897607.408209,-2257.666640
1168579.650746,897607.408209,-2232.435298
1169586.270896,897607.408209,-2206.677345
1135361.185821,898613.670149,-4774.646862
1136367.805970,898613.670149,-4745.314067
1137374.426119,898613.670149,-4707.723613
1138381.046269,898613.670149,-4660.505135
1139387.666418,898613.670149,-4602.661889
1140394.286567,898613.670149,-4533.653302
1141400.906716,898613.670149,-4453.695988
1142407.526866,898613.670149,-4364.046147
1143414.147015,898613.670149,-4266.882391
1144420.767164,898613.670149,-4164.774351
1145427.387313,898613.670149,-4060.077100
1146434.007463,898613.670149,-3954.533742
1147440.627612,898613.670149,-3849.142327
1148447.247761,898613.670149,-3744.261527
1149453.867910,898613.670149,-3639.870578
1150460.488060,898613.670149,-3535.764770
1151467.108209,898613.670149,-3431.563772
1152473.728358,898613.670149,-3326.836631
1153480.348507,898613.670149,-3221.682466
1154486.968657,898613.670149,-3117.103837
1155493.588806,898613.670149,-3014.721811
1156500.208955,898613.670149,-2916.153267
1157506.829104,898613.670149,-2822.728588
1158513.449254,898613.670149,-2735.602840
1159520.069403,898613.670149,-2655.674283
1160526.689552,898613.670149,-2583.142911
1161533.309701,898613.670149,-2517.271752
1162539.929851,898613.670149,-2456.831463
1163546.550000,898613.670149,-2401.032729
1164553.170149,898613.670149,-2350.186575
1165559.790299,898613.670149,-2305.301566
1166566.410448,898613.670149,-2266.699017
1135361.185821,899619.932090,-4632.532962
1136367.805970,899619.932090,-4605.975083
1137374.426119,899619.932090,-4572.456445
1138381.046269,899619.932090,-4530.670113
1139387.666418,899619.932090,-4479.698339
1140394.286567,899619.932090,-4419.072035
1141400.906716,899619.932090,-4348.912363
1142407.526866,899619.932090,-4270.065695
1143414.147015,899619.932090,-4184.028639
1144420.767164,899619.932090,-4092.627773
1145427.387313,899619.932090,-3997.627213
1146434.007463,899619.932090,-3900.435500
1147440.627612,899619.932090,-3801.971680
1148447.247761,899619.932090,-3702.701534
1149453.867910,899619.932090,-3602.810168
1150460.488060,899619.932090,-3502.379438
1151467.108209,899619.932090,-3401.460465
1152473.728358,899619.932090,-3300.157477
1153480.348507,899619.932090,-3198.894065
1154486.968657,899619.932090,-3098.632889
1155493.588806,899619.932090,-3000.745354
1156500.208955,899619.932090,-2906.617724
1157506.829104,899619.932090,-2817.390735
1158513.449254,899619.932090,-2733.941934
1159520.069403,899619.932090,-2656.834057
1160526.689552,899619.932090,-2586.122876
1161533.309701,899619.932090,-2521.261046
1162539.929851,899619.932090,-2461.323854
1134354.565672,900626.194030,-4516.047758
1135361.185821,900626.194030,-4496.877579
1136367.805970,900626.194030,-4473.413871
1137374.426119,900626.194030,-4444.112609
1138381.046269,900626.194030,-4407.700545
1139387.666418,900626.194030,-4363.284248
1140394.286567,900626.194030,-4310.400361
1141400.906716,900626.194030,-4249.074469
1142407.526866,900626.194030,-4179.864903
1143414.147015,900626.194030,-4103.796308
1144420.767164,900626.194030,-4022.158352
1145427.387313,900626.194030,-3936.255850
1146434.007463,900626.194030,-3847.205900
1147440.627612,900626.194030,-3755.824651
1148447.247761,900626.194030,-3662.625983
1149453.867910,900626.194030,-3567.933093
1150460.488060,900626.194030,-3472.031598
1151467.108209,900626.194030,-3375.264298
1152473.728358,900626.194030,-3278.081833
1153480.348507,900626.194030,-3181.145879
1154486.968657,900626.194030,-3085.427019
1155493.588806,900626.194030,-2992.127832
1156500.208955,900626.194030,-2902.434225
1157506.829104,900626.194030,-2817.309471
1158513.449254,900626.194030,-2737.431347
1134354.565672,901632.455970,-4385.287548
1135361.185821,901632.455970,-4368.594374
1136367.805970,901632.455970,-4348.529389
1137374.426119,901632.455970,-4323.547892
1138381.046269,901632.455970,-4292.391348
1139387.666418,901632.455970,-4254.171813
1140394.286567,901632.455970,-4208.407801
1141400.906716,901632.455970,-4155.040767
1142407.526866,901632.455970,-4094.428338
1143414.147015,901632.455970,-4027.276021
1144420.767164,901632.455970,-3954.498923
1145427.387313,901632.455970,-3877.059630
1146434.007463,901632.455970,-3795.833854
1147440.627612,901632.455970,-3711.527954
1148447.247761,901632.455970,-3624.665616
1149453.867910,901632.455970,-3535.657587
1150460.488060,901632.455970,-3444.921979
1151467.108209,901632.455970,-3352.977090
1152473.728358,901632.455970,-3260.476153
1153480.348507,901632.455970,-3168.231544
1154486.968657,901632.455970,-3077.232302
1134354.565672,902638.717910,-4262.354020
1135361.185821,902638.717910,-4248.644166
1136367.805970,902638.717910,-4232.306852
1137374.426119,902638.717910,-4211.738946
1138381.046269,902638.717910,-4185.690779
1139387.666418,902638.717910,-4153.289938
1140394.286567,902638.717910,-4114.045727
1141400.906716,902638.717910,-4067.839731
1142407.526866,902638.717910,-4014.894526
1143414.147015,902638.717910,-3955.704803
1144420.767164,902638.717910,-3890.932837
1145427.387313,902638.717910,-3821.297355
1146434.007463,902638.717910,-3747.485577
1147440.627612,902638.717910,-3670.100251
1148447.247761,902638.717910,-3589.649365
1149453.867910,902638.717910,-3506.590705
1150460.488060,902638.717910,-3421.419674
1133347.945522,903644.979851,-4158.428510
1134354.565672,903644.979851,-4148.156878
1135361.185821,903644.979851,-4138.026464
1136367.805970,903644.979851,-4125.781955
1137374.426119,903644.979851,-4109.711605
1138381.046269,903644.979851,-4088.593321
1139387.666418,903644.979851,-4061.608250
1140394.286567,903644.979851,-4028.291004
1141400.906716,903644.979851,-3988.498894
1142407.526866,903644.979851,-3942.372417
1143414.147015,903644.979851,-3890.271688
1144420.767164,903644.979851,-3832.693334
1145427.387313,903644.979851,-3770.189220
1146434.007463,903644.979851,-3703.307315
1133347.945522,904651.241791,-4050.618276
1134354.565672,904651.241791,-4043.822419
1135361.185821,904651.241791,-4037.920395
1136367.805970,904651.241791,-4030.092583
1137374.426119,904651.241791,-4018.519858
1138381.046269,904651.241791,-4002.068902
1139387.666418,904651.241791,-3980.036943
1140394.286567,904651.241791,-3952.032225
1141400.906716,904651.241791,-3917.927088
1142407.526866,904651.241791,-3877.822392
1133347.945522,905657.503731,-3953.623534
1134354.565672,905657.503731,-3951.166865
1135361.185821,905657.503731,-3949.956505
1136367.805970,905657.503731,-3946.579789
1137374.426119,905657.503731,-3939.242721
1138381.046269,905657.503731,-3927.006272
1133347.945522,906663.765672,-3870.891554
1134354.565672,906663.765672,-3873.289782
