1150127.167955,868844.612485,-10400.000000
1149250.013058,869649.221503,-10400.000000
1149136.353064,869895.224626,-10400.000000
1149023.455362,870651.505298,-10400.000000
1149049.152648,871651.499953,-10400.000000
1149156.978442,872166.519106,-10400.000000
1149652.362104,872646.251694,-10400.000000
1150162.304913,872713.271733,-10400.000000
1150610.830254,872637.546541,-10400.000000
1151159.013234,872311.109685,-10400.000000
1151357.562167,871630.533784,-10400.000000
1151311.210103,870630.726754,-10400.000000
1151137.149815,869904.309398,-10400.000000
1150928.476093,869633.976984,-10400.000000
1150127.167955,868844.612485,-10400.000000
1148296.937024,887621.779271,-10000.000000
1147959.058473,887665.257987,-10000.000000
1148301.223479,888093.917617,-10000.000000
1148364.280713,887661.579135,-10000.000000
1148296.937024,887621.779271,-10000.000000
1139510.655843,877720.348800,-9200.000000
1135399.001690,884580.685917,-9200.000000
1135341.460201,886505.677693,-9200.000000
1135310.704640,887779.958141,-9200.000000
1135745.848705,888776.270260,-9200.000000
1136308.465372,889403.348266,-9200.000000
1136751.069063,890366.859062,-9200.000000
1136586.319541,891493.051904,-9200.000000
1134925.710169,893032.691940,-9200.000000
1133119.796710,897847.800197,-9200.000000
1135428.301109,898851.632048,-9200.000000
1137346.086712,898109.442212,-9200.000000
1138281.950280,896576.352523,-9200.000000
1141474.417915,890324.045121,-9200.000000
1141867.025768,889520.699079,-9200.000000
1142637.447330,889038.839587,-9200.000000
1143483.748143,888656.264193,-9200.000000
1144257.341724,888524.279994,-9200.000000
1145104.547997,888241.667451,-9200.000000
1145575.978782,887862.491058,-9200.000000
1146967.771897,887000.090353,-9200.000000
1137300.744750,879314.928649,-9000.000000
1136189.516282,880799.579343,-9000.000000
1135228.228279,882282.873122,-9000.000000
1134443.457230,883939.521377,-9000.000000
1134266.163429,886440.437985,-9000.000000
1134664.344739,889011.131987,-9000.000000
1135700.077664,890226.420970,-9000.000000
1135930.206265,890799.182532,-9000.000000
1135710.265444,891351.028501,-9000.000000
1135114.096177,891756.322625,-9000.000000
1133991.127492,892793.195466,-9000.000000
1133480.737099,893545.646836,-9000.000000
1133114.239099,894473.723208,-9000.000000
1132522.816892,895403.837130,-9000.000000
1131980.697188,896258.524846,-9000.000000
1131416.525379,897438.329304,-9000.000000
1141304.699912,859244.353784,-8800.000000
1142038.089435,859336.868159,-8800.000000
1143034.856028,858942.951958,-8800.000000
1143535.615387,858698.704182,-8800.000000
1144031.216980,858504.459275,-8800.000000
1145027.829218,858093.801754,-8800.000000
1146025.151673,857761.526777,-8800.000000
1146410.746109,857672.405062,-8800.000000
1147023.347451,857525.560495,-8800.000000
1148022.616157,857407.836343,-8800.000000
1149023.104011,857424.394460,-8800.000000
1150024.702697,857563.240033,-8800.000000
1150365.577718,857636.493994,-8800.000000
1151026.980935,857776.835469,-8800.000000
1151740.628705,857955.956227,-8800.000000
1141604.565842,858015.779561,-8600.000000
1142027.015320,858115.949732,-8600.000000
1143025.858936,857951.196813,-8600.000000
1143849.070036,857695.652800,-8600.000000
1144023.432834,857646.556989,-8600.000000
1145020.749825,857313.706770,-8600.000000
1146018.463674,857024.688152,-8600.000000
1147016.910232,856816.473891,-8600.000000
1148016.257818,856707.559727,-8600.000000
1149016.593025,856707.429472,-8600.000000
1150017.894088,856813.630715,-8600.000000
1151019.892080,856996.505738,-8600.000000
1152021.965221,857187.582284,-8600.000000
1152548.686048,857243.016911,-8600.000000
1141863.123090,856956.448003,-8400.000000
1142017.130055,857026.106054,-8400.000000
1143017.114622,856987.308742,-8400.000000
1144015.479692,856770.031922,-8400.000000
1144301.354485,856691.343079,-8400.000000
1145013.340230,856497.228304,-8400.000000
1146011.385856,856244.903974,-8400.000000
1147009.913306,856045.735136,-8400.000000
1148009.122371,855921.698075,-8400.000000
1149009.209529,855894.389074,-8400.000000
1150010.281292,855975.484946,-8400.000000
1151012.136755,856142.814459,-8400.000000
1152013.997532,856310.664825,-8400.000000
1153014.396981,856317.646300,-8400.000000
1153825.960907,855818.143353,-8400.000000
1154573.244517,855171.161235,-8400.000000
1155001.088138,854779.703707,-8400.000000
1155053.860414,854187.679768,-8400.000000
1155230.744254,853591.467111,-8400.000000
1155960.180861,852796.134829,-8400.000000
1142367.920863,855517.892397,-8200.000000
1142658.555830,855706.043395,-8200.000000
1143007.362129,855912.292668,-8200.000000
1144006.770615,855810.197445,-8200.000000
1144658.979014,855687.893566,-8200.000000
1145005.417140,855624.169204,-8200.000000
1146003.862310,855416.014939,-8200.000000
1147002.447303,855223.328020,-8200.000000
1148001.376961,855068.660634,-8200.000000
1149000.921881,854981.789863,-8200.000000
1150001.355378,854992.771739,-8200.000000
1151002.749102,855109.442786,-8200.000000
1152004.442294,855259.026389,-8200.000000
1153003.476925,855116.004665,-8200.000000
1153542.771929,854607.012163,-8200.000000
1153724.319940,853605.160516,-8200.000000
1153644.455526,852605.686330,-8200.000000
1153535.974177,851606.473795,-8200.000000
1153968.283618,851207.268895,-8200.000000
1154237.833327,851032.025111,-8200.000000
1142916.591482,854387.798696,-8000.000000
1142993.939486,854432.722698,-8000.000000
1143973.907700,854693.907169,-8000.000000
1143996.682906,854698.426603,-8000.000000
1144306.809592,854690.886487,-8000.000000
1144996.805891,854675.283614,-8000.000000
1145995.897516,854538.514916,-8000.000000
1146994.533991,854351.650598,-8000.000000
1147992.981801,854144.065981,-8000.000000
1148991.446670,853938.424854,-8000.000000
1149990.022380,853745.051441,-8000.000000
1150554.457343,853633.962992,-8000.000000
1150987.907158,853475.682514,-8000.000000
1151800.177820,852622.445844,-8000.000000
1151975.924223,852120.382325,-8000.000000
1152080.043297,851619.704542,-8000.000000
1152304.204488,850617.470829,-8000.000000
1152957.422823,850048.269907,-8000.000000
1153147.120028,849914.860247,-8000.000000
1143461.222151,853266.023472,-7800.000000
1143985.300608,853443.983619,-7800.000000
1144987.682173,853669.931699,-7800.000000
1145987.620560,853626.625997,-7800.000000
1146986.305396,853445.246487,-7800.000000
1147984.078169,853163.474203,-7800.000000
1148980.874600,852774.283319,-7800.000000
1149248.694622,852645.623178,-7800.000000
1149975.721645,852170.601795,-7800.000000
1150499.169310,851634.066953,-7800.000000
1150965.053708,850960.055069,-7800.000000
1151130.782970,850628.132328,-7800.000000
1151582.621337,849623.831988,-7800.000000
1151950.767693,849351.730318,-7800.000000
1152311.991351,849059.475845,-7800.000000
1143950.131399,852259.015408,-7600.000000
1143974.658830,852271.158140,-7600.000000
1144978.464041,852654.179636,-7600.000000
1145433.450045,852680.261359,-7600.000000
1145979.289385,852708.766525,-7600.000000
1146172.947944,852673.549318,-7600.000000
1146977.995714,852529.913168,-7600.000000
1147975.016769,852165.510310,-7600.000000
1148864.441393,851648.914523,-7600.000000
1148970.013210,851578.288024,-7600.000000
1149954.310487,850638.819386,-7600.000000
1149961.732910,850630.510133,-7600.000000
1150647.492695,849632.327561,-7600.000000
1150948.129351,849097.094946,-7600.000000
1151939.742927,848678.197980,-7600.000000
1162100.796749,865477.965225,-7600.000000
1161935.664461,865533.003336,-7600.000000
1161108.902290,866407.259558,-7600.000000
1160952.258100,866542.173411,-7600.000000
1161110.816863,866617.656664,-7600.000000
1162113.513786,866875.229690,-7600.000000
1162538.537933,866527.736995,-7600.000000
1162221.145096,865530.405073,-7600.000000
1162100.796749,865477.965225,-7600.000000
1168874.506096,868090.928464,-7600.000000
1168121.740570,867545.559899,-7600.000000
1168077.508008,867477.519648,-7600.000000
1167933.447940,866478.609533,-7600.000000
1168109.918879,866248.005702,-7600.000000
1168722.356979,865867.470993,-7600.000000
1144360.709389,851413.344902,-7400.000000
1144969.443790,851660.235626,-7400.000000
1145104.550597,851683.048224,-7400.000000
1145971.181624,851815.523563,-7400.000000
1146767.955081,851667.949940,-7400.000000
1146969.839299,851631.465412,-7400.000000
1147966.124268,851186.150982,-7400.000000
1148705.650771,850650.159824,-7400.000000
1148959.682619,850440.745846,-7400.000000
1149686.191584,849641.059484,-7400.000000
1149949.730954,849309.159501,-7400.000000
1150371.546393,848634.640596,-7400.000000
1150938.898752,848081.035388,-7400.000000
1151207.564116,847928.257821,-7400.000000
1169111.667539,866401.223973,-7400.000000
1169022.868670,866468.683456,-7400.000000
1169120.299313,867348.488579,-7400.000000
1169212.807300,866466.952671,-7400.000000
1169111.667539,866401.223973,-7400.000000
1161991.650715,877989.114969,-7400.000000
1161665.162359,877538.217326,-7400.000000
1161573.125594,876538.816922,-7400.000000
1161805.896608,875536.462247,-7400.000000
1162183.258984,874538.487284,-7400.000000
1162185.218070,874532.775273,-7400.000000
1162649.210268,873528.318946,-7400.000000
1163167.748697,872794.460018,-7400.000000
1163486.182048,872520.468585,-7400.000000
1164161.831939,872104.766113,-7400.000000
1165158.614001,871711.685306,-7400.000000
1166158.265958,871633.847691,-7400.000000
1166615.061935,871924.100560,-7400.000000
1144766.006054,850578.550947,-7200.000000
1144960.525467,850677.526352,-7200.000000
1144974.518048,850684.031773,-7200.000000
1145963.338696,850951.460309,-7200.000000
1146961.944976,850761.890258,-7200.000000
1147157.715152,850664.214927,-7200.000000
1147957.385885,850223.768322,-7200.000000
1148633.077052,849650.623729,-7200.000000
1148949.658142,849336.915112,-7200.000000
1149512.356708,848642.444732,-7200.000000
1149938.172127,848036.600435,-7200.000000
1150362.923728,847634.526832,-7200.000000
1150658.107922,847365.471709,-7200.000000
1162793.201955,877177.584320,-7200.000000
1162218.487016,876532.943749,-7200.000000
1162280.009004,875532.147412,-7200.000000
1162626.213441,874528.761562,-7200.000000
1163174.811963,873570.409598,-7200.000000
1163211.779233,873523.198249,-7200.000000
1164166.840681,872654.915668,-7200.000000
1164534.702081,872510.922774,-7200.000000
1165163.605454,872259.841065,-7200.000000
1166163.865232,872248.647855,-7200.000000
1166343.164646,872385.375142,-7200.000000
1144470.614318,849758.360927,-7000.000000
1145189.568292,850026.502574,-7000.000000
1145955.538749,850092.134724,-7000.000000
1146953.986570,849885.258797,-7000.000000
1147330.790960,849662.448520,-7000.000000
1147948.181953,849210.116865,-7000.000000
1148511.409693,848651.535013,-7000.000000
1148938.637881,848123.439892,-7000.000000
1149270.677248,847644.447689,-7000.000000
1149810.409165,846639.355043,-7000.000000
1149852.965232,846540.794398,-7000.000000
1163094.424298,876872.611181,-7000.000000
1162761.167281,876528.004531,-7000.000000
1162710.819426,875528.226358,-7000.000000
1163067.208815,874524.747547,-7000.000000
1163181.678770,874324.778740,-7000.000000
1163813.618913,873517.719547,-7000.000000
1164171.731786,873192.145251,-7000.000000
1165168.312149,872776.725727,-7000.000000
1165805.645789,873297.276142,-7000.000000
1149430.522073,844936.546962,-6800.000000
1149020.180541,845776.208700,-6800.000000
1148469.799361,846975.401566,-6800.000000
1147669.623161,848123.176599,-6800.000000
1147234.538140,848663.128878,-6800.000000
1146700.563647,849097.958184,-6800.000000
1145927.078471,849283.865464,-6800.000000
1144959.766580,849137.610316,-6800.000000
1163819.139482,876138.870692,-6800.000000
1163196.106932,875909.824081,-6800.000000
1163141.629851,875524.305013,-6800.000000
1163191.333268,875385.399239,-6800.000000
1163528.294279,874520.550342,-6800.000000
1164176.690110,873736.758977,-6800.000000
1164628.238765,873510.302950,-6800.000000
1165172.788140,873268.275674,-6800.000000
1165459.841918,873502.730659,-6800.000000
1165178.857790,873934.841254,-6800.000000
1164869.969914,874508.335341,-6800.000000
1164958.080748,874735.166913,-6800.000000
1164681.686841,875204.067106,-6600.000000
1164379.742829,874512.798836,-6600.000000
1164181.749225,874292.444363,-6600.000000
1163996.574020,874516.287309,-6600.000000
1163574.125022,875520.368041,-6600.000000
1164076.390367,875878.415699,-6600.000000
1164189.077255,875097.345691,-6400.000000
1164006.846235,875516.428718,-6400.000000
1164194.108033,875649.921078,-6400.000000
1164379.895214,875513.032392,-6400.000000
1164189.077255,875097.345691,-6400.000000
1128548.516310,911846.752937,-2800.000000
1128508.011814,911801.614680,-2800.000000
1128465.512878,911844.883748,-2800.000000
1152164.510121,860427.315537,-10200.000000
1152506.353418,859917.826244,-10200.000000
1152314.963727,859386.530812,-10200.000000
1151095.622718,860117.205660,-10200.000000
1149930.788342,860980.642722,-10200.000000
1148449.785253,862246.726943,-10200.000000
1146308.339738,864158.450408,-10200.000000
1143811.226946,866257.757279,-10200.000000
1140526.208313,869148.721380,-10200.000000
1138639.834262,870837.713393,-10200.000000
1137395.738270,871781.815794,-10200.000000
1136819.819744,872233.542098,-10200.000000
1136641.076953,872977.082991,-10200.000000
1137025.754211,873102.523320,-10200.000000
1137908.851621,872523.427751,-10200.000000
1138781.297644,871742.605490,-10200.000000
1140897.107708,869937.727367,-10200.000000
1143250.820614,867917.472248,-10200.000000
1145960.290390,865723.889618,-10200.000000
1148222.037264,863581.387607,-10200.000000
1148935.286672,862881.962486,-10200.000000
1149596.203391,862289.619875,-10200.000000
1150946.135284,861264.589579,-10200.000000
1152164.510121,860427.315537,-10200.000000
1141708.638477,879719.992612,-9800.000000
1141226.279168,880126.598948,-9800.000000
1140431.952998,880731.811123,-9800.000000
1140232.024660,880801.396029,-9800.000000
1139238.748892,881584.391311,-9800.000000
1139095.528075,881744.170054,-9800.000000
1138307.822858,882751.554602,-9800.000000
1138249.899895,882856.079945,-9800.000000
1137780.046362,883756.584112,-9800.000000
1137464.065305,884759.695451,-9800.000000
1137339.218448,885761.076188,-9800.000000
1137449.817288,886760.324918,-9800.000000
1137972.759874,887755.838409,-9800.000000
1138296.588013,888007.458717,-9800.000000
1139301.376049,888493.216433,-9800.000000
1140302.703092,888597.056078,-9800.000000
1141299.241041,888172.712324,-9800.000000
1142296.793588,887860.379451,-9800.000000
1143302.235597,887933.106660,-9800.000000
1144148.534554,887550.530994,-9800.000000
1145068.898897,887067.309550,-9800.000000
1145714.813115,886636.564101,-9800.000000
1146385.717580,886205.591448,-9800.000000
1142103.193615,880769.791493,-10000.000000
1141425.033048,881433.809415,-10000.000000
1140510.296367,882126.287054,-10000.000000
1139990.008399,882788.873319,-10000.000000
1139365.661404,883583.977143,-10000.000000
1138873.114742,884404.201476,-10000.000000
1138566.425222,885406.946060,-10000.000000
1138652.518186,886195.612705,-10000.000000
1138816.834195,886904.626471,-10000.000000
1139111.283543,887454.571596,-10000.000000
1139615.281893,887897.357550,-10000.000000
1140458.007981,887968.662468,-10000.000000
1141296.380607,887857.264335,-10000.000000
1141808.918077,887721.061122,-10000.000000
1143138.813712,887602.256395,-10000.000000
1144095.151345,887176.117184,-10000.000000
1144890.332794,886669.038762,-10000.000000
1145411.744734,886289.409875,-10000.000000
1146107.413311,885833.219872,-10000.000000
1143390.263490,881718.915332,-9600.000000
1144647.676625,880693.574010,-9600.000000
1145227.156587,880058.998156,-9600.000000
1145872.917229,879682.213768,-9600.000000
1146222.223167,879474.355447,-9600.000000
1147220.465920,879239.803572,-9600.000000
1147811.595763,878664.376111,-9600.000000
1147811.113090,877793.196554,-9600.000000
1148025.042708,877363.370325,-9600.000000
1145318.789515,884076.679150,-8700.000000
1146312.794512,883020.564924,-8700.000000
1146873.136982,882449.957534,-8700.000000
1147580.352768,882039.594221,-8700.000000
1148159.196557,881727.342234,-8700.000000
1148785.090031,881414.018121,-8700.000000
1149338.009305,880948.747998,-8700.000000
1149708.055728,880351.908514,-8700.000000
1149983.688674,879764.773469,-8700.000000
1150473.674028,878995.957049,-8700.000000
1151020.408271,878352.455062,-8700.000000
1151605.877862,877974.765473,-8700.000000
1152272.760952,877743.500301,-8700.000000
1152603.400596,877661.411306,-8700.000000
1145982.553487,884892.332537,-8000.000000
1147264.615554,884103.471974,-8000.000000
1147586.592317,883667.636701,-8000.000000
1142767.212276,881447.951391,-10400.000000
1141957.250065,882086.851310,-10400.000000
1140965.961050,883043.172390,-10400.000000
1140340.899290,883759.339543,-10400.000000
1139716.551738,884554.444903,-10400.000000
1139589.997493,885108.204243,-10400.000000
1139438.561438,885820.078972,-10400.000000
1139549.298585,886424.318140,-10400.000000
1139737.543068,886869.965546,-10400.000000
1140345.361248,887153.919574,-10400.000000
1141289.843033,887136.303328,-10400.000000
1142289.690929,887077.236448,-10400.000000
1143117.323119,886835.082853,-10400.000000
1143862.976091,886378.441588,-10400.000000
1144808.103264,885870.003552,-10400.000000
1145602.602157,885287.951999,-10400.000000
1142981.054219,881814.417991,-10600.000000
1142459.098447,882292.817827,-10600.000000
1141962.977245,882718.353712,-10600.000000
1141362.559294,883250.094443,-10600.000000
1140738.452082,884071.512886,-10600.000000
1140192.088566,884760.652568,-10600.000000
1139884.208189,885631.834729,-10600.000000
1139967.917333,886157.373937,-10600.000000
1140284.626232,886603.202364,-10600.000000
1140824.034945,886729.739254,-10600.000000
1141286.466670,886763.960117,-10600.000000
1142287.269553,886810.254752,-10600.000000
1143063.940565,886460.669395,-10600.000000
1143859.348606,885978.583918,-10600.000000
1144555.017898,885522.395848,-10600.000000
1145374.054073,884890.136031,-10600.000000
1143247.760274,882206.719960,-10800.000000
1142360.530226,883030.525542,-10800.000000
1141448.655507,884038.758141,-10800.000000
1140745.609502,884860.893408,-10800.000000
1140436.536984,885600.512327,-10800.000000
1140546.320762,886099.500127,-10800.000000
1140969.949257,886385.123178,-10800.000000
1141639.220406,886448.597817,-10800.000000
1142462.793834,886316.162917,-10800.000000
1143208.446637,885859.522783,-10800.000000
1143953.418222,885327.908857,-10800.000000
1144499.593892,884923.063717,-10800.000000
1145045.995642,884543.209388,-10800.000000
1143729.457884,882680.674558,-11000.000000
1143382.758163,883033.722116,-11000.000000
1142812.952539,883588.737805,-11000.000000
1142144.088440,884244.624158,-11000.000000
1141586.900073,884774.320180,-11000.000000
1141274.695709,885465.869432,-11000.000000
1141386.658565,885907.676056,-11000.000000
1142149.966782,885927.068770,-11000.000000
1143003.757525,885336.523590,-11000.000000
1143947.523445,884678.141336,-11000.000000
1144691.359276,884021.572359,-11000.000000
1145492.592083,872663.497303,-9600.000000
1145396.559705,873685.118030,-9600.000000
1145173.275987,874121.378682,-9600.000000
1144501.195998,874693.475239,-9600.000000
1144180.411005,874947.836831,-9600.000000
1143502.050332,875702.774179,-9600.000000
1143191.208341,876178.299516,-9600.000000
1142755.622936,876709.780767,-9600.000000
1142199.263728,877106.867352,-9600.000000
1142113.784254,877201.217699,-9600.000000
1153546.290507,865245.851471,-9400.000000
1153609.306952,865608.728459,-9400.000000
1153736.461851,866607.793239,-9400.000000
1153913.752265,867606.403915,-9400.000000
1154116.421369,868604.785461,-9400.000000
1154127.033317,868673.304772,-9400.000000
1154279.163738,869603.531421,-9400.000000
1154267.223517,870603.866618,-9400.000000
1154149.106579,871101.940110,-9400.000000
1154053.163167,871606.040387,-9400.000000
1153937.065926,872607.325319,-9400.000000
1153815.065774,873608.665430,-9400.000000
1153706.493216,874280.853223,-9400.000000
1142421.807843,881082.678213,-10200.000000
1140777.239583,882544.902811,-10200.000000
1139761.305268,883685.649746,-10200.000000
1139268.997543,884532.187212,-10200.000000
1139041.723771,885586.842135,-10200.000000
1139181.158408,886453.970217,-10200.000000
1139424.413448,887162.268585,-10200.000000
1139822.444926,887527.069825,-10200.000000
1140585.754976,887546.464511,-10200.000000
1141293.219394,887508.646757,-10200.000000
1142292.112303,887344.218256,-10200.000000
1143344.736951,887107.945104,-10200.000000
1144314.856731,886599.280562,-10200.000000
1145805.025463,885561.039514,-10200.000000
1148288.217677,844075.161388,-6600.000000
1147965.473556,845355.876975,-6600.000000
1147473.386218,846399.293499,-6600.000000
1147132.735646,847023.367791,-6600.000000
1146642.057727,847856.453016,-6600.000000
1146108.083535,848291.281287,-6600.000000
1145334.599190,848477.187639,-6600.000000
1144367.288674,848330.931819,-6600.000000
1111709.443338,908754.455464,-5000.000000
1112648.947638,909627.697911,-5000.000000
1112960.682003,910989.055250,-5000.000000
1112470.363002,913805.008902,-5000.000000
1112966.884669,915364.344298,-5000.000000
1115218.464717,915992.844113,-5000.000000
1117893.547457,915619.330274,-5000.000000
1120197.998992,914733.426780,-5000.000000
1122234.631362,913666.936748,-5000.000000
1123739.841518,912705.063347,-5000.000000
1125758.172206,911455.731525,-5000.000000
1127049.977222,910811.871509,-5000.000000
1128539.592192,909966.585171,-5000.000000
1129135.888622,909678.374510,-5000.000000
1129487.749595,909515.704907,-5000.000000
1129854.680211,909835.302251,-5000.000000
1130113.792276,910262.157923,-5000.000000
1110773.523623,906433.836959,-5600.000000
1111126.454614,906829.920596,-5600.000000
1111512.055402,907159.165066,-5600.000000
1111747.043138,907389.951286,-5600.000000
1112015.600758,907653.706969,-5600.000000
1112312.245661,907993.539865,-5600.000000
1113899.507902,906255.910379,-5600.000000
1115252.478893,906859.236124,-5600.000000
1115963.002636,908167.078110,-5600.000000
1116339.030241,909278.307574,-5600.000000
1116465.686262,910408.426383,-5600.000000
1116164.040083,912008.229055,-5600.000000
1115890.406511,913025.512188,-5600.000000
1116044.776081,913539.843948,-5600.000000
1116777.164433,913583.141084,-5600.000000
1117607.259734,913392.646856,-5600.000000
1120675.256901,912316.850359,-5600.000000
1123409.493717,911127.603647,-5600.000000
1125678.997442,910059.003075,-5600.000000
1128133.282767,909188.358794,-5600.000000
1129028.704662,908864.170127,-5600.000000
1129537.207257,908837.888345,-5600.000000
1130046.440261,909187.685200,-5600.000000
1130489.251269,909635.455365,-5600.000000
1130618.071904,909751.652639,-5600.000000
1140381.137049,901650.180194,-6000.000000
1138381.407140,903151.820605,-6000.000000
1136624.421099,904156.752475,-6000.000000
1132953.095768,906344.640380,-6000.000000
1128323.735466,908440.524502,-6000.000000
1125976.497010,909061.065807,-6000.000000
1123035.207000,910264.083764,-6000.000000
1120445.617246,911086.567424,-6000.000000
1119207.309772,911608.279391,-6000.000000
1118321.514701,911838.247431,-6000.000000
1117943.598533,911775.069788,-6000.000000
1118003.970260,911086.424148,-6000.000000
1118027.515529,908777.750849,-6000.000000
1117391.228450,907140.943065,-6000.000000
1114931.968344,905187.646676,-6000.000000
1122124.868468,897953.230962,-9000.000000
1121914.092094,904103.547764,-9000.000000
1124204.162024,904526.779844,-9000.000000
1126908.106733,904080.595064,-9000.000000
1129055.171908,903417.472578,-9000.000000
1132328.736710,902144.840638,-9000.000000
1134291.777188,900715.014362,-9000.000000
1136148.911665,899646.257391,-9000.000000
1137076.201402,898971.137345,-9000.000000
1138163.094821,897924.171534,-9000.000000
1138849.853449,896866.016328,-9000.000000
1139417.555199,895749.677681,-9000.000000
1139999.666666,894588.762171,-9000.000000
1140551.878094,893398.487567,-9000.000000
1141222.469840,892192.325406,-9000.000000
1141599.454497,891285.143037,-9000.000000
1142226.538818,890183.088545,-9000.000000
1143270.846436,889343.934218,-9000.000000
1144953.922733,888691.588125,-9000.000000
1145985.292126,888059.968547,-9000.000000
1147119.016207,887279.261733,-9000.000000
1160828.404152,882222.498475,-4600.000000
1159120.951566,882537.649772,-4600.000000
1158409.169685,882747.676896,-4600.000000
1156924.194559,883306.648547,-4600.000000
1155761.633373,884208.593147,-4600.000000
1154761.728126,885441.661813,-4600.000000
1153385.585791,886265.721108,-4600.000000
1152007.989715,886930.141536,-4600.000000
1151227.217043,887389.575978,-4600.000000
1148724.771970,888716.112376,-4600.000000
1137298.726891,874495.802089,-10500.000000
1138554.810720,873511.336221,-10500.000000
1141356.660344,871296.504723,-10500.000000
1143866.150953,869035.666714,-10500.000000
1145815.434096,867571.877580,-10500.000000
1147396.630298,866391.173831,-10500.000000
1148408.584521,865871.388239,-10500.000000
1149676.725704,864821.763113,-10500.000000
1151159.031071,863524.083836,-10500.000000
1152449.552237,861678.634683,-10500.000000
1153402.217617,860384.071715,-10500.000000
1153986.831106,858740.308664,-10500.000000
1153795.441123,858183.072187,-10500.000000
1152465.865662,858328.244433,-10500.000000
1150477.666470,859224.698531,-10500.000000
1148915.555876,860143.896286,-10500.000000
1147752.677997,861059.466806,-10500.000000
1145218.574546,863398.239503,-10500.000000
1143980.908960,864873.467128,-10500.000000
1140450.083556,867898.962442,-10500.000000
1137263.456595,870603.803816,-10500.000000
1135238.233440,872616.963606,-10500.000000
1134910.874593,872399.221417,-10500.000000
1133741.367401,874338.811578,-10500.000000
1132681.957112,876147.571390,-10500.000000
1132395.119181,877244.509155,-10500.000000
1132674.830215,877408.909947,-10500.000000
1133045.259275,877349.911172,-10500.000000
1134192.799454,877079.844428,-10500.000000
1136315.748137,875966.272404,-10500.000000
1137329.088519,875215.165417,-10500.000000
1203327.273744,839317.695095,-3000.000000
1199396.349408,842549.463365,-3000.000000
1197258.722232,844754.176167,-3000.000000
1197270.226952,846010.526359,-3000.000000
1198474.706102,846299.952664,-3000.000000
1199788.434456,846588.376032,-3000.000000
1204821.373606,844384.421700,-3000.000000
1208504.722751,840963.683227,-3000.000000
1212194.301227,838225.732085,-3000.000000
1213191.541077,836768.937013,-3000.000000
1213242.151623,836331.449905,-3000.000000
1212721.476102,836145.033661,-3000.000000
1210213.322899,836659.708091,-3000.000000
1207028.388070,837836.115661,-3000.000000
1203327.273744,839317.695095,-3000.000000
1208721.960726,837847.892506,-2500.000000
1206732.719700,838357.792846,-2500.000000
1203712.141456,839587.306979,-2500.000000
1200918.805223,841770.719457,-2500.000000
1199509.099578,842930.828466,-2500.000000
1198452.942702,843923.813010,-2500.000000
1198163.267891,845100.977382,-2500.000000
1198767.382948,845450.529436,-2500.000000
1199805.738037,845495.646191,-2500.000000
1201139.269356,844964.457270,-2500.000000
1202788.171561,844188.046722,-2500.000000
1204317.989931,843105.270060,-2500.000000
1207651.543266,840261.344940,-2500.000000
1210230.117233,838489.587771,-2500.000000
1211260.439756,837660.712028,-2500.000000
1211312.555955,837387.094258,-2500.000000
1211037.935477,837225.731526,-2500.000000
1210465.143419,837312.930774,-2500.000000
1208721.960726,837847.892506,-2500.000000
1196550.112390,844924.550069,-3500.000000
1195392.200403,846737.892697,-3500.000000
1195618.947556,847637.189691,-3500.000000
1197834.975978,848026.614363,-3500.000000
1200151.748048,847486.420315,-3500.000000
1203749.177362,846606.707429,-3500.000000
1208020.376627,844737.480930,-3500.000000
1210711.724949,843347.073886,-3500.000000
1215532.596771,838877.924513,-3500.000000
1217156.492076,837251.481065,-3500.000000
1217078.278946,834684.695072,-3500.000000
1215626.001468,834179.075495,-3500.000000
1213061.981090,834557.704000,-3500.000000
1209773.580256,836363.291029,-3500.000000
1125245.330089,913319.861067,-3000.000000
1126561.984147,912442.558141,-3000.000000
1128142.731110,911474.558957,-3000.000000
1130571.456417,910534.205685,-3000.000000
1150338.446135,881121.104206,-8500.000000
1150609.260416,880668.771170,-8500.000000
1151000.261649,879690.495140,-8500.000000
1151533.124325,879098.970400,-8500.000000
1152166.109906,878820.857515,-8500.000000
1152781.928788,878651.844972,-8500.000000
1153544.067639,878599.525834,-8500.000000
1153758.421294,879046.169581,-8200.000000
1154161.024976,878832.458007,-8200.000000
1154625.507531,878579.285194,-8200.000000
1155180.651623,878029.658652,-8200.000000
1149054.083354,888655.570710,-9800.000000
1148769.791304,887657.897407,-9800.000000
1148294.715896,887377.129855,-9800.000000
1147742.360082,887422.468844,-9800.000000
1154154.895511,877981.729994,-8600.000000
1153425.189169,878070.498295,-8600.000000
1152292.338188,878289.602710,-8600.000000
1151380.950763,878658.576444,-8600.000000
1150785.032450,879192.236207,-8600.000000
1150385.751317,879846.679147,-8600.000000
1150024.308641,880611.294996,-8600.000000
1149674.028607,881253.014273,-8600.000000
1149120.950935,881817.728780,-8600.000000
1148414.080344,882198.001446,-8600.000000
1147576.879588,882635.534875,-8600.000000
1147001.354647,883070.692288,-8600.000000
1146380.542826,883665.148972,-8600.000000
1145683.224406,884508.317897,-8600.000000
1146740.810177,886777.211652,-9400.000000
1145150.902099,887841.355067,-9400.000000
1143980.398076,888301.853253,-9400.000000
1143081.622072,888409.979326,-9400.000000
1142301.102607,888335.495233,-9400.000000
1141305.241792,888834.474964,-9400.000000
1140371.856758,890009.129154,-9400.000000
1139635.938684,891540.394211,-9400.000000
1138952.717983,893371.105464,-9400.000000
1137407.247542,896584.279124,-9400.000000
1136243.740880,897819.506505,-9400.000000
1135045.278118,897955.330870,-9400.000000
1134441.180253,897485.923888,-9400.000000
1134358.057479,896586.908116,-9400.000000
1135163.761999,894480.155494,-9400.000000
1136550.148960,893017.976288,-9400.000000
1137556.904100,891034.377058,-9400.000000
1137470.606996,889785.493204,-9400.000000
1136861.985999,888816.270453,-9400.000000
1136321.896187,887770.797479,-9400.000000
1136292.798044,887674.062309,-9400.000000
1136029.527970,886773.193828,-9400.000000
1136022.584149,885773.005843,-9400.000000
1136214.730541,884771.015690,-9400.000000
1136524.539071,883767.960953,-9400.000000
1136986.357670,882763.530206,-9400.000000
1137244.778034,882332.428183,-9400.000000
1137596.837411,881757.753450,-9400.000000
1138232.160516,880898.812235,-9400.000000
1138362.362320,880750.572374,-9400.000000
1139190.270096,879742.826385,-9400.000000
1139221.649084,879698.024266,-9400.000000
1139913.648196,878736.028497,-9400.000000
1140209.242266,878288.597402,-9400.000000
1140578.348078,877729.763339,-9400.000000
1141197.129331,876912.065351,-9400.000000
1141367.024246,876722.374732,-9400.000000
1142071.897661,876161.973789,-9400.000000
1142622.064578,875646.529100,-9400.000000
1143016.887809,875132.493479,-9400.000000
1153494.894868,877689.941137,-8600.000000
1154451.748806,877284.097801,-8600.000000
1155354.674514,876595.375122,-8600.000000
1155740.649363,875813.098376,-8600.000000
1155778.970162,874591.047290,-8600.000000
1155735.174850,873591.212440,-8600.000000
1156164.337214,872698.105234,-8600.000000
1156268.482297,872586.132418,-8600.000000
1156500.996725,872109.448918,-8600.000000
1151625.620547,877650.989270,-8800.000000
1151073.616353,877864.894197,-8800.000000
1150752.669184,878074.473322,-8800.000000
1150139.319057,878873.619665,-8800.000000
1149765.058238,879479.413773,-8800.000000
1149531.791983,879879.377900,-8800.000000
1148999.129869,880753.351048,-8800.000000
1148488.178114,881094.458801,-8800.000000
1147790.314193,881437.263180,-8800.000000
1147101.710294,881770.636542,-8800.000000
1146525.252781,882102.991445,-8800.000000
1145848.961594,882763.374860,-8800.000000
1144949.731176,883575.323209,-8800.000000
1151201.960068,876623.485576,-9200.000000
1150626.295841,876818.508411,-9200.000000
1150193.211941,877102.511258,-9200.000000
1149775.756441,877394.151702,-9200.000000
1151748.040525,876123.705263,-9400.000000
1151111.642209,876292.860040,-9400.000000
1150539.266945,876528.950612,-9400.000000
1150313.363567,876641.182547,-9400.000000
1149887.638394,876864.115679,-9400.000000
1149215.663641,877399.237990,-9400.000000
1152915.780013,874920.970229,-9600.000000
1153040.296878,874419.685154,-9600.000000
1153132.401665,873902.561001,-9600.000000
1153271.584753,873239.803852,-9600.000000
1153377.772023,872612.408114,-9600.000000
1153556.333353,871610.555653,-9600.000000
1153722.114359,870608.820839,-9600.000000
1153724.160278,869608.575597,-9600.000000
1153567.237329,868609.776635,-9600.000000
1153352.688936,867611.502894,-9600.000000
1153146.685385,866613.153014,-9600.000000
1153105.657817,866360.165300,-9600.000000
1153024.916431,865950.230997,-9600.000000
1147473.719848,887670.314497,-8000.000000
1142988.665086,890902.149220,-8000.000000
1140993.725764,894742.724303,-8000.000000
1139177.147877,899365.185736,-8000.000000
1135127.268826,902651.476353,-8000.000000
1130222.659169,905168.409805,-8000.000000
1124494.659114,906666.111736,-8000.000000
1120600.595324,905934.764673,-8000.000000
1119487.330072,903918.969965,-8000.000000
1119181.940022,900417.567840,-8000.000000
1116908.233211,903285.230140,-7000.000000
1118302.647195,906119.780135,-7000.000000
1119852.417033,907967.381862,-7000.000000
1125221.239519,908302.132093,-7000.000000
1133067.918491,905372.247119,-7000.000000
1137825.162609,902185.512298,-7000.000000
1140260.932198,900079.454727,-7000.000000
1142573.653573,894150.578277,-7000.000000
1144265.943382,891246.141504,-7000.000000
1146276.985891,889183.317094,-7000.000000
1147808.417144,888147.130818,-7000.000000
1151787.671450,883483.336920,-7400.000000
1150879.135926,883467.366091,-7400.000000
1149612.003431,883975.461182,-7400.000000
1148878.078098,884515.048530,-7400.000000
1148807.721987,884770.037103,-7400.000000
1148954.702250,884950.381001,-7400.000000
1149378.693740,884958.642930,-7400.000000
1150272.178658,884810.945674,-7400.000000
1151384.482757,884431.726333,-7400.000000
1152046.290796,883953.350681,-7400.000000
1152006.767426,883602.465256,-7400.000000
1151787.671450,883483.336920,-7400.000000
1155746.811792,863344.832659,-8800.000000
1155708.695386,863589.209265,-8800.000000
1155517.919160,864591.161018,-8800.000000
1155402.849087,865592.426027,-8800.000000
1155381.586897,866592.839784,-8800.000000
1155474.834564,867592.214110,-8800.000000
1155719.379880,868590.214523,-8800.000000
1156135.214783,869494.967534,-8800.000000
1156201.509629,869586.056358,-8800.000000
1156447.830870,870584.043529,-8800.000000
1156386.460373,871064.664284,-8800.000000
1156236.280767,871463.358196,-8800.000000
1156111.966006,871887.451276,-8800.000000
1155998.835838,872132.003995,-8800.000000
1154862.602941,863970.214390,-9000.000000
1154863.753340,864597.107799,-9000.000000
1154821.049741,865597.714854,-9000.000000
1154849.462336,866597.677023,-9000.000000
1154966.346873,867596.836541,-9000.000000
1155124.401656,868344.701113,-9000.000000
1155179.417277,868595.123248,-9000.000000
1155499.385660,869592.439678,-9000.000000
1155630.312441,870591.476156,-9000.000000
1155500.398625,871423.768169,-9000.000000
1155327.706584,871957.983292,-9000.000000
1155197.718589,872831.408730,-9000.000000
1153376.641093,874616.755465,-9400.000000
1153339.114004,875371.681046,-9400.000000
1153032.662882,875840.533145,-9400.000000
1152502.881109,876156.058687,-9400.000000
1151576.064170,876741.515502,-9400.000000
1150416.881296,877422.353401,-9400.000000
1154119.711296,864601.478023,-9200.000000
1154232.267744,865603.066617,-9200.000000
1154308.276840,866602.596175,-9200.000000
1154447.754274,867601.550414,-9200.000000
1154647.642591,868599.957091,-9200.000000
1154860.947583,869598.243332,-9200.000000
1154880.967653,870598.288051,-9200.000000
1154608.052220,871600.997014,-9200.000000
1154494.772579,872602.256461,-9200.000000
1154431.438114,873603.063491,-9200.000000
1147161.072097,877316.755657,-9800.000000
1147680.362700,877101.989548,-9800.000000
1148469.518632,876620.263076,-9800.000000
1149189.491226,875746.906000,-9800.000000
1149759.606095,875220.927283,-9800.000000
1150227.664914,874893.418231,-9800.000000
1151181.541468,874791.115338,-9800.000000
1151727.322165,874627.868419,-9800.000000
1152097.120960,874294.572062,-9800.000000
1152411.845955,873621.416463,-9800.000000
1152808.535114,872617.580767,-9800.000000
1153055.011362,871615.111352,-9800.000000
1153147.341000,870947.175154,-9800.000000
1153194.143831,870613.618853,-9800.000000
1153177.938380,869613.539492,-9800.000000
1153132.641258,869329.539679,-9800.000000
1153001.329198,868614.919309,-9800.000000
1152733.083046,867617.133338,-9800.000000
1152461.731347,866619.377061,-9800.000000
1152381.898629,866267.549429,-9800.000000
1146515.577366,871816.093887,-9800.000000
1146540.991948,872170.960013,-9800.000000
1146497.282821,872674.897105,-9800.000000
1146209.555851,873677.739650,-9800.000000
1146170.140344,873735.849637,-9800.000000
1145548.660159,874683.970257,-9800.000000
1145188.411327,875243.649026,-9800.000000
1144835.482584,875752.500262,-9800.000000
1144765.859109,876179.416086,-9800.000000
1144615.595178,876629.113082,-9800.000000
1143948.958149,876870.352988,-9800.000000
1143636.345776,877248.025694,-9800.000000
1148067.030718,870331.086826,-10200.000000
1148103.461994,870659.858834,-10200.000000
1148089.225057,871393.902864,-10200.000000
1148077.292658,872448.432815,-10200.000000
1146886.824123,874320.366184,-10200.000000
1146289.231661,875496.940721,-10200.000000
1146240.965042,875938.188022,-10200.000000
1146324.673570,876253.466550,-10200.000000
1146685.514414,876331.038398,-10200.000000
1147149.562996,876260.820999,-10200.000000
1147700.269048,875919.909724,-10200.000000
1147951.402268,875581.717972,-10200.000000
1148261.465205,874734.584779,-10200.000000
1149330.857789,873526.489363,-10200.000000
1150167.473254,873282.322108,-10200.000000
1151167.209585,873213.397157,-10200.000000
1151652.974988,872628.079776,-10200.000000
1151985.177170,871624.832018,-10200.000000
1152063.318384,870623.893937,-10200.000000
1151915.070995,869625.014250,-10200.000000
1151563.055658,868627.987325,-10200.000000
1151036.218312,867829.141104,-10200.000000
1147373.417701,874384.468136,-10400.000000
1146849.418890,874955.152539,-10400.000000
1146664.212227,875603.608863,-10400.000000
1146761.751969,875823.215205,-10400.000000
1147189.471226,875825.374274,-10400.000000
1147398.978884,875667.409944,-10400.000000
1147701.982268,874954.762864,-10400.000000
1147683.080789,874491.902585,-10400.000000
1147564.627804,874397.431726,-10400.000000
1147373.417701,874384.468136,-10400.000000
1144812.407399,877259.404612,-9800.000000
1144675.907941,877606.081052,-9800.000000
1144905.931883,877846.535470,-9800.000000
1145208.980621,878034.879002,-9800.000000
1145334.201714,878304.939173,-9800.000000
1145169.553962,878549.719432,-9800.000000
1144905.798276,878662.919698,-9800.000000
1143906.579274,878789.842787,-9800.000000
1142908.414570,879033.033468,-9800.000000
1142675.394898,879202.745458,-9800.000000
1141915.783158,879886.421594,-9800.000000
1142791.195288,877255.692333,-9600.000000
1141797.178289,877867.386836,-9600.000000
1141209.933312,878324.035564,-9600.000000
1140940.277566,878726.720150,-9600.000000
1140268.230709,879733.053848,-9600.000000
1140222.684038,879771.163500,-9600.000000
1139267.482931,880742.368101,-9600.000000
1139231.369738,880770.357687,-9600.000000
1138352.435405,881750.905521,-9600.000000
1138241.192661,881895.368913,-9600.000000
1137665.537125,882757.375573,-9600.000000
1137256.500075,883626.003472,-9600.000000
1137190.392055,883761.927601,-9600.000000
1136857.272071,884765.193918,-9600.000000
1136707.279497,885766.802348,-9600.000000
1136770.260160,886766.482620,-9600.000000
1137187.262684,887762.956614,-9600.000000
1138302.143262,888620.408509,-9600.000000
1138642.572041,888750.021927,-9600.000000
1139305.170953,888911.863155,-9600.000000
1140305.837765,888942.807772,-9600.000000
1140755.168309,888730.870589,-9600.000000
1141302.101473,888488.160470,-9600.000000
1142298.948098,888097.937298,-9600.000000
1143354.484908,888182.565044,-9600.000000
1144027.659777,888001.505629,-9600.000000
1144773.993772,887619.835969,-9600.000000
1145420.135527,887214.081612,-9600.000000
1145966.538751,886834.225174,-9600.000000
1146462.732277,886429.831000,-9600.000000
1147308.032545,871098.707438,-10000.000000
1147378.435334,871519.745346,-10000.000000
1147405.663522,872074.336785,-10000.000000
1147320.925740,872518.977280,-10000.000000
1147163.175063,872928.574105,-10000.000000
1146805.670044,873672.328934,-10000.000000
1146177.963070,874597.753532,-10000.000000
1145693.128427,875502.176645,-10000.000000
1145514.535925,876069.726115,-10000.000000
1145425.799929,876820.203961,-10000.000000
1145582.399250,877068.673888,-10000.000000
1146286.992652,877013.501360,-10000.000000
1147186.680395,876709.706406,-10000.000000
1148023.378790,876252.647837,-10000.000000
1148561.662469,875656.854104,-10000.000000
1149116.534640,874651.581485,-10000.000000
1149556.357806,874197.583612,-10000.000000
1150174.054541,874006.943840,-10000.000000
1151173.812322,873940.255142,-10000.000000
1151543.659555,873629.304115,-10000.000000
1152163.647655,872781.465907,-10000.000000
1152233.075938,872622.809446,-10000.000000
1152534.412928,871619.841808,-10000.000000
1152640.575928,870618.649019,-10000.000000
1152580.940392,869618.964290,-10000.000000
1152367.168413,868620.681632,-10000.000000
1152118.172617,867776.293705,-10000.000000
1151721.543954,867225.446420,-10000.000000
1151539.622413,867118.529047,-10000.000000
1148406.216939,877359.909586,-9600.000000
1149016.242375,876856.469517,-9600.000000
1149363.333133,876526.570311,-9600.000000
1149850.587767,876210.957541,-9600.000000
1150533.402324,875883.268806,-9600.000000
1151531.647350,875649.736106,-9600.000000
1152531.074982,875546.434645,-9600.000000
1147021.927768,879729.428088,-9400.000000
1146701.125839,879863.965033,-9400.000000
1146227.291695,880032.813867,-9400.000000
1145663.894650,880380.257314,-9400.000000
1145233.226915,880727.953325,-9400.000000
1143650.351831,882032.597001,-9400.000000
1150469.850345,877451.626868,-9000.000000
1149916.636823,877838.313279,-9000.000000
1149479.146608,878515.946732,-9000.000000
1149383.996229,878735.676164,-9000.000000
1148811.211406,879614.804638,-9000.000000
1148284.030002,880227.102648,-9000.000000
1147498.532270,880733.049979,-9000.000000
1147440.917353,880753.800886,-9000.000000
1146501.665841,881119.490928,-9000.000000
1145708.200257,881671.127950,-9000.000000
1144307.531120,882842.786386,-9000.000000
1146086.167805,880601.776718,-9200.000000
1145398.557149,881129.260031,-9200.000000
1144711.086534,881672.301242,-9200.000000
1143925.205485,882353.494573,-9200.000000
1149542.596371,877419.608248,-9200.000000
1149241.249312,877658.936202,-9200.000000
1148951.611385,878375.737360,-9200.000000
1148664.895540,878313.064415,-9200.000000
1148444.997007,878829.745992,-9200.000000
1148214.211786,879178.084202,-9200.000000
1147935.876005,879442.632908,-9200.000000
1147554.526358,879698.758839,-9200.000000
1147238.081932,879888.789965,-9200.000000
1146566.574861,880138.191371,-9200.000000
1142988.807702,881215.421614,-9800.000000
1144661.481899,879693.206857,-9800.000000
1145219.308512,879194.136157,-9800.000000
1146062.856561,878890.446538,-9800.000000
1146525.859463,878473.918999,-9800.000000
1146586.256308,878271.098120,-9800.000000
1146451.893835,878038.926174,-9800.000000
1146403.171844,877813.756708,-9800.000000
1146717.735995,877328.559594,-9800.000000
1148919.847202,877378.585022,-9400.000000
1148642.414217,877668.953370,-9400.000000
1148597.434962,877856.074865,-9400.000000
1148560.941068,878120.916527,-9400.000000
1148470.417373,878432.927182,-9400.000000
1155554.330124,878057.380672,-8200.000000
1156207.314473,877425.179466,-8200.000000
1157199.271556,876500.074344,-8200.000000
1158191.260398,875578.775996,-8200.000000
1158222.144004,875569.066130,-8200.000000
1159189.494993,875344.407554,-8200.000000
1160326.935886,874549.685050,-8200.000000
1160862.768528,873544.576474,-8200.000000
1160814.538807,872544.783663,-8200.000000
1160157.009028,871733.498820,-8200.000000
1159708.897313,871554.612982,-8200.000000
1159843.144353,870553.163186,-8200.000000
1160139.983242,869862.145475,-8200.000000
1160136.018508,869426.371783,-8200.000000
1159914.779860,869091.525202,-8200.000000
1156895.797140,878426.390885,-7800.000000
1157319.119362,877924.639451,-7800.000000
1157683.351658,877574.440151,-7800.000000
1158206.168626,877217.976768,-7800.000000
1158982.068105,876859.254307,-7800.000000
1159675.427772,876556.083324,-7800.000000
1160198.102484,876250.246812,-7800.000000
1160715.854190,875546.381246,-7800.000000
1161185.893948,874868.175345,-7800.000000
1161334.277085,874540.519236,-7800.000000
1161706.921134,873536.894879,-7800.000000
1161844.198094,872535.413882,-7800.000000
1162158.503371,871818.440938,-7800.000000
1162880.138042,871525.755091,-7800.000000
1163155.383069,871436.013321,-7800.000000
1164149.727156,870775.206498,-7800.000000
1164651.935762,870509.396405,-7800.000000
1165142.971058,869993.801509,-7800.000000
1166142.137250,869862.922869,-7800.000000
1167140.724658,869668.543809,-7800.000000
1167343.361203,869484.657596,-7800.000000
1167413.070495,868483.796892,-7800.000000
1167125.821207,868032.442926,-7800.000000
1166464.688014,867492.211474,-7800.000000
1166115.610875,866950.361078,-7800.000000
1165115.333075,866958.664447,-7800.000000
1164464.391572,867510.427324,-7800.000000
1164121.449376,867669.267072,-7800.000000
1163125.811072,868187.356645,-7800.000000
1162528.202231,868509.473483,-7800.000000
1162128.778573,868552.432635,-7800.000000
1161719.048829,868324.582919,-7800.000000
1161395.734874,868007.100489,-7800.000000
1161150.133105,867778.629765,-7800.000000
1157862.949986,878697.666276,-7600.000000
1158256.075080,878297.324998,-7600.000000
1158618.578659,877951.720258,-7600.000000
1159137.158597,877659.153804,-7600.000000
1159850.568630,877403.713201,-7600.000000
1160454.363422,877071.472109,-7600.000000
1160805.433475,876545.802528,-7600.000000
1161195.515329,875925.523220,-7600.000000
1161320.716212,875540.877446,-7600.000000
1161759.712099,874536.647719,-7600.000000
1162112.621704,873533.202700,-7600.000000
1162171.557700,873252.794666,-7600.000000
1162539.678431,872529.084152,-7600.000000
1163161.475743,872105.333425,-7600.000000
1164156.781481,871550.035500,-7600.000000
1164250.582268,871513.279350,-7600.000000
1165152.361691,871025.065181,-7600.000000
1166151.442398,870884.622719,-7600.000000
1167152.724042,870985.842602,-7600.000000
1167164.491676,870991.989892,-7600.000000
1157527.812691,878630.696444,-7800.000000
1156804.005640,879454.149912,-7800.000000
1156142.500266,880284.816889,-7800.000000
1155253.983841,881817.726200,-7800.000000
1154933.483023,882505.259105,-7800.000000
1154537.240497,883419.094658,-7800.000000
1154266.631513,884033.082808,-7800.000000
1153801.121728,884611.440254,-7800.000000
1153274.694847,884962.214735,-7800.000000
1152278.794887,885455.424172,-7800.000000
1151704.508404,885630.739966,-7800.000000
1151280.615718,885697.882521,-7800.000000
1150275.090530,885876.404168,-7800.000000
1149166.473529,886148.638765,-7800.000000
1148117.664692,886133.193047,-7800.000000
1147428.260165,885827.347856,-7800.000000
1147456.070940,884669.069825,-7800.000000
1148260.998811,883663.337820,-7800.000000
1148263.230786,883661.493897,-7800.000000
1149255.734341,883041.892297,-7800.000000
1150100.448116,882644.564431,-7800.000000
1150251.263380,882508.026401,-7800.000000
1151141.398098,881634.864503,-7800.000000
1151242.911219,881547.067945,-7800.000000
1152038.480441,881055.846120,-7800.000000
1152794.795915,880875.385423,-7800.000000
1153493.572676,880721.220567,-7800.000000
1154206.917541,880458.006096,-7800.000000
1154833.418984,880055.544885,-7800.000000
1155406.615981,879595.620681,-7800.000000
1155898.872711,879158.969548,-7800.000000
1156237.970047,878805.798817,-7800.000000
1156615.325851,878382.262719,-7800.000000
1155119.402252,884129.543784,-7600.000000
1155781.620370,882520.888772,-7600.000000
1156461.515086,881145.468952,-7600.000000
1157371.612980,879904.504330,-7600.000000
1157953.684334,879264.761501,-7600.000000
1158432.554601,878890.787496,-7600.000000
1151774.237558,882432.830024,-7600.000000
1151129.983126,882594.277849,-7600.000000
1150256.565310,883091.804501,-7600.000000
1149259.981111,883509.571513,-7600.000000
1149027.744920,883654.552459,-7600.000000
1148266.627788,884283.342219,-7600.000000
1147961.587513,884664.480730,-7600.000000
1148036.020972,885664.054858,-7600.000000
1148280.071264,885764.080822,-7600.000000
1149172.970928,885653.732047,-7600.000000
1149278.714993,885572.665604,-7600.000000
1150277.178702,885361.488368,-7600.000000
1151275.331941,885116.198316,-7600.000000
1152272.042078,884712.145126,-7600.000000
1152802.134462,884251.740045,-7600.000000
1153124.357446,883617.341505,-7600.000000
1153264.787188,882940.532268,-7600.000000
1153199.443891,882598.815914,-7600.000000
1152793.232722,882415.792385,-7600.000000
1152251.176305,882415.469364,-7600.000000
1151774.237558,882432.830024,-7600.000000
1152200.570908,880342.849451,-8000.000000
1153187.493895,880044.460927,-8000.000000
1153810.929484,879814.727549,-8000.000000
1154488.849726,879416.447509,-8000.000000
1155220.407366,878906.149254,-8000.000000
1155606.810207,878593.560006,-8000.000000
1156011.745475,878202.752051,-8000.000000
1151287.908160,877513.862663,-8900.000000
1150735.903981,877727.767252,-8900.000000
1150414.956776,877937.346162,-8900.000000
1149801.606373,878736.492001,-8900.000000
1149427.345323,879342.285775,-8900.000000
1149194.078913,879742.249688,-8900.000000
1148439.413083,880712.378553,-8900.000000
1148378.633770,880749.896080,-8900.000000
1147443.946221,881252.934497,-8900.000000
1146758.697664,881518.291650,-8900.000000
1146271.018423,881769.271850,-8900.000000
1145468.691731,882533.588719,-8900.000000
1144643.030347,883280.159191,-8900.000000
1151146.743780,880528.227104,-8400.000000
1151272.912613,880013.032522,-8400.000000
1151475.458696,879674.724709,-8400.000000
1151828.042798,879391.131908,-8400.000000
1152162.869465,879210.509885,-8400.000000
1152535.842345,879113.658017,-8400.000000
1153086.380519,879015.192484,-8400.000000
1149426.487353,877679.169503,-9100.000000
1149159.804001,878196.275696,-9100.000000
1148819.962356,878901.204710,-9100.000000
1148488.117767,879456.334919,-9100.000000
1148144.876564,879786.978616,-9100.000000
1147652.005395,880128.338597,-9100.000000
1147129.958018,880348.310050,-9100.000000
1146449.348038,880625.867935,-9100.000000
1145620.381403,881054.498614,-9100.000000
1154916.754908,873137.978703,-9000.000000
1154631.168238,874668.689741,-9000.000000
1154645.355967,875213.481673,-9000.000000
1154511.864510,875768.852314,-9000.000000
1154228.595095,876103.921520,-9000.000000
1151820.886298,877437.307797,-9000.000000
1154176.821041,874151.282576,-9200.000000
1154077.309219,874701.431527,-9200.000000
1154074.369029,875394.154387,-9200.000000
1153838.198766,875830.390713,-9200.000000
1153507.913722,876073.527257,-9200.000000
1152331.765531,876739.968086,-9200.000000
1151119.009613,877443.683813,-9200.000000
1157996.034628,871883.136078,-8200.000000
1157639.750714,872168.351672,-8200.000000
1157271.815900,872581.843861,-8200.000000
1156918.910808,873238.724037,-8200.000000
1156958.873863,873404.982810,-8200.000000
1157125.249187,873377.835755,-8200.000000
1157699.289885,873077.822575,-8200.000000
1158067.924076,872741.225923,-8200.000000
1158333.097273,872303.033663,-8200.000000
1158355.815172,871982.400378,-8200.000000
1157996.034628,871883.136078,-8200.000000
1159169.082223,873100.369685,-8600.000000
1158843.180170,873426.297295,-8600.000000
1158628.455005,873774.311978,-8600.000000
1158579.055945,873979.834912,-8600.000000
1158771.529738,874003.718442,-8600.000000
1159175.960115,873856.475478,-8600.000000
1159584.162214,873556.209374,-8600.000000
1159700.571826,873277.509916,-8600.000000
1159736.571480,873008.023578,-8600.000000
1159543.398413,872907.244247,-8600.000000
1159169.082223,873100.369685,-8600.000000
1155526.237121,872772.726102,-8800.000000
1155381.811228,873594.424801,-8800.000000
1155257.733347,874505.983367,-8800.000000
1155272.845068,875152.362217,-8800.000000
1155158.244300,875753.741034,-8800.000000
1154904.023945,876236.321927,-8800.000000
1154354.528290,876749.294750,-8800.000000
1152662.214321,877531.259767,-8800.000000
1156546.035125,872133.904771,-8600.000000
1156878.828390,871649.771655,-8600.000000
1157141.554557,870942.444975,-8600.000000
1157208.743036,870577.124608,-8600.000000
1157140.851797,870075.621384,-8600.000000
1157060.824180,869578.242898,-8600.000000
1156268.812405,868585.219241,-8600.000000
1156122.669374,868115.124913,-8600.000000
1155979.161890,867587.629099,-8600.000000
1155905.392742,866588.077733,-8600.000000
1155978.387087,865587.193598,-8600.000000
1156093.929000,864954.056856,-8600.000000
1156176.008364,864585.177895,-8600.000000
1156499.634284,863582.017965,-8600.000000
1156954.319728,862577.667633,-8600.000000
1157070.569192,862346.785655,-8600.000000
1157696.927458,861570.700003,-8600.000000
1158060.248907,861174.083424,-8600.000000
1159055.882738,860656.306823,-8600.000000
1159586.250309,860553.301583,-8600.000000
1160054.364747,860451.743552,-8600.000000
1161054.630347,860443.243460,-8600.000000
1161767.571462,860533.452885,-8600.000000
1162056.046171,860561.116620,-8600.000000
1163057.844600,860720.973038,-8600.000000
1163241.845073,860520.033675,-8600.000000
1163155.130682,860165.442568,-8600.000000
1157614.580377,870809.972981,-8400.000000
1157385.324336,871517.597610,-8400.000000
1157102.986482,872044.487843,-8400.000000
1156770.830221,872584.315247,-8400.000000
1156528.405325,873100.642651,-8400.000000
1156238.390062,873717.872863,-8400.000000
1156259.601850,874024.612580,-8400.000000
1156445.171282,874213.891657,-8400.000000
1156797.501032,874144.561040,-8400.000000
1157175.464099,873881.938752,-8400.000000
1157736.465546,873573.015401,-8400.000000
1158288.181704,873332.034414,-8400.000000
1158834.955347,872562.792982,-8400.000000
1159326.182680,872161.590517,-8400.000000
1160162.664621,872355.124014,-8400.000000
1160320.026446,872549.283078,-8400.000000
1160409.324165,873548.702253,-8400.000000
1160177.350453,873969.298830,-8400.000000
1159404.124826,874558.080328,-8400.000000
1159183.578744,874694.014666,-8400.000000
1158588.720456,874668.958802,-8400.000000
1158146.376661,874789.677183,-8400.000000
1157651.065036,875074.250304,-8400.000000
1157190.237137,875506.545438,-8400.000000
1156334.287180,876564.365263,-8400.000000
1155547.187753,877271.694466,-8400.000000
1154377.780679,877858.022767,-8400.000000
1159962.864736,869062.686108,-8200.000000
1159560.475806,868555.282492,-8200.000000
1159126.035937,868368.214890,-8200.000000
1158339.301823,868566.390703,-8200.000000
1157919.380233,868570.209912,-8200.000000
1157120.226099,867807.434688,-8200.000000
1157035.980517,867578.019912,-8200.000000
1157001.222624,866578.113878,-8200.000000
1157103.930511,866015.437672,-8200.000000
1157214.393459,865575.954854,-8200.000000
1157666.144845,864571.627577,-8200.000000
1158085.132424,863909.969520,-8200.000000
1158438.522055,863564.385251,-8200.000000
1159077.575097,863040.916694,-8200.000000
1160074.244421,862636.709564,-8200.000000
1160740.767419,862543.224429,-8200.000000
1161073.332716,862498.458498,-8200.000000
1161990.767146,862531.848954,-8200.000000
1162074.007924,862534.606075,-8200.000000
1163075.659498,862677.991840,-8200.000000
1164077.624656,862855.764372,-8200.000000
1165079.300325,863001.679045,-8200.000000
1165504.359365,862571.566105,-8200.000000
1160402.532732,868449.318207,-8000.000000
1160126.321488,868360.550898,-8000.000000
1159122.595554,867990.010711,-8000.000000
1158121.864336,867948.604847,-8000.000000
1157732.759333,867571.683453,-8000.000000
1157675.503973,866571.982028,-8000.000000
1157967.427594,865569.106503,-8000.000000
1158097.817135,865304.634155,-8000.000000
1158686.536477,864562.346805,-8000.000000
1159087.830004,864168.230502,-8000.000000
1160083.400714,863643.078838,-8000.000000
1160497.005331,863545.658470,-8000.000000
1161081.807949,863429.811801,-8000.000000
1162082.062450,863419.575219,-8000.000000
1162768.785601,863524.983552,-8000.000000
1163083.863108,863579.186710,-8000.000000
1164086.439791,863823.971625,-8000.000000
1165088.689337,864032.741257,-8000.000000
1166089.823064,864118.919145,-8000.000000
1166556.661217,863649.347586,-8000.000000
1160755.638341,868089.827085,-7800.000000
1160121.212108,867798.969230,-7800.000000
1159119.155170,867611.806756,-7800.000000
1158889.613676,867561.161421,-7800.000000
1158574.101056,866563.809166,-7800.000000
1159061.007556,865559.159531,-7800.000000
1159100.038741,865510.332596,-7800.000000
1160094.275607,864838.344124,-7800.000000
1160770.689706,864543.385737,-7800.000000
1161091.086535,864449.449661,-7800.000000
1162090.531162,864350.054648,-7800.000000
1162908.596644,864523.928570,-7800.000000
1163093.007709,864583.755767,-7800.000000
1164097.969483,865090.335836,-7800.000000
1165074.992318,865504.424158,-7800.000000
1165102.615625,865562.074548,-7800.000000
1166105.243159,865812.006776,-7800.000000
1166346.418360,865492.845220,-7800.000000
1167100.652012,865269.388284,-7800.000000
1167619.110268,864737.518464,-7800.000000
1156187.550731,878238.097708,-8000.000000
1156525.979583,877874.817025,-8000.000000
1156786.989626,877582.591000,-8000.000000
1157205.605599,877196.640725,-8000.000000
1158184.368962,876409.687577,-8000.000000
1158570.147689,876175.279660,-8000.000000
1159279.494169,875974.872183,-8000.000000
1159969.120372,875553.175186,-8000.000000
1160190.556910,875420.877226,-8000.000000
1160847.534033,874544.948317,-8000.000000
1161176.806340,873869.490163,-8000.000000
1161301.220566,873540.586800,-8000.000000
1161318.231412,872540.200325,-8000.000000
1161161.297710,872165.172569,-8000.000000
1160748.880885,871545.150997,-8000.000000
1161147.933097,870696.478985,-8000.000000
1161396.572887,870539.028753,-8000.000000
1162181.370232,869832.782234,-8000.000000
1161832.190119,869489.900624,-8000.000000
1161134.842412,869257.895202,-8000.000000
1160966.990554,868780.021595,-8000.000000
1160475.786931,868323.079247,-8000.000000
1164458.226275,861500.099335,-8400.000000
1164453.371508,861509.216554,-8400.000000
1164069.057553,861914.802537,-8400.000000
1163067.244140,861753.538498,-8400.000000
1162065.581149,861608.739884,-8400.000000
1161064.655161,861544.874813,-8400.000000
1160065.018821,861622.726024,-8400.000000
1159067.438621,861926.626178,-8400.000000
1158155.732867,862566.741477,-8400.000000
1158073.502984,862631.335949,-8400.000000
1157363.685260,863574.160803,-8400.000000
1157086.110069,864055.767424,-8400.000000
1156872.021338,864578.849245,-8400.000000
1156581.862050,865581.706627,-8400.000000
1156447.499812,866583.148848,-8400.000000
1156503.731722,867582.859635,-8400.000000
1156850.044080,868484.228542,-8400.000000
1157548.048467,869131.548111,-8400.000000
1158134.661966,869355.703491,-8400.000000
1158753.446801,869197.486980,-8400.000000
1159253.618500,869231.388246,-8400.000000
1159563.882828,869523.357036,-8400.000000
