1151124.033674,847140.797883,-6000.000000
1151107.444748,847263.258876,-6000.000000
1151007.636603,847681.600893,-6000.000000
1150956.838619,848221.708376,-6000.000000
1151119.906672,848634.962583,-6000.000000
1151178.741619,848759.338859,-6000.000000
1151446.646111,849296.651798,-6000.000000
1151534.640237,849625.381198,-6000.000000
1151564.149283,849835.231590,-6000.000000
1151621.152247,850374.361510,-6000.000000
1151621.555786,850914.106137,-6000.000000
1151549.007322,851206.691592,-6000.000000
1151335.956061,851456.349668,-6000.000000
1151146.065076,851514.279936,-6000.000000
1150992.053244,851459.473997,-6000.000000
1150739.045326,851384.065393,-6000.000000
1150329.945581,851024.848865,-6000.000000
1150201.445359,850927.007199,-6000.000000
1149919.592011,850516.530369,-6000.000000
1149723.139920,850391.603430,-6000.000000
1149510.931056,850205.514130,-6000.000000
1149103.918044,850064.897875,-6000.000000
1148697.596187,850011.382809,-6000.000000
1148291.641260,849998.267726,-6000.000000
1147885.980667,850006.551602,-6000.000000
1147480.329930,850026.936198,-6000.000000
1147074.725475,850052.420568,-6000.000000
1146669.174698,850072.803743,-6000.000000
1146263.205287,850058.087361,-6000.000000
1145856.408259,849941.169229,-6000.000000
1145765.216702,849887.892179,-6000.000000
1155960.087844,850874.672996,-6300.000000
1155626.691365,851417.353133,-6300.000000
1155609.373990,851459.614410,-6300.000000
1155406.896255,851959.100745,-6300.000000
1155239.500374,852500.272345,-6300.000000
1155213.771052,852585.314114,-6300.000000
1155072.504202,853041.440715,-6300.000000
1154902.508610,853582.736764,-6300.000000
1154819.195733,853824.216863,-6300.000000
1154714.911590,854124.093209,-6300.000000
1154485.813689,854665.827289,-6300.000000
1154422.069095,854771.616823,-6300.000000
1154018.267832,854995.808419,-6300.000000
1153613.656486,855130.898576,-6300.000000
1153398.404160,855215.462864,-6300.000000
1153209.417620,855295.988019,-6300.000000
1152805.489301,855506.278809,-6300.000000
1152477.394383,855763.484966,-6300.000000
1152402.817474,855843.870404,-6300.000000
1152127.892080,856306.313571,-6300.000000
1152004.800006,856704.771200,-6300.000000
1139016.888566,876394.172437,-8103.800000
1138931.893284,875855.273517,-8103.800000
1138890.399191,875315.880710,-8103.800000
1138883.107575,874776.278338,-8103.800000
1138895.015887,874236.402367,-8103.800000
1138903.124909,873696.661304,-8103.800000
1138881.632669,873157.189024,-8103.800000
1138816.637765,872618.011526,-8103.800000
1138753.990050,872227.431385,-8103.800000
1138727.042880,872079.157480,-8103.800000
1138660.749046,871540.092670,-8103.800000
1138668.857260,871000.253888,-8103.800000
1138739.459830,870624.468799,-8103.800000
1138765.669682,870459.711503,-8103.800000
1138884.982754,869918.965589,-8103.800000
1138981.593891,869378.325886,-8103.800000
1139017.603637,868838.335994,-8103.800000
1138971.609601,868298.989919,-8103.800000
1138832.113422,867760.591905,-8103.800000
1138711.225992,867509.758686,-8103.800000
1138547.812764,867223.506917,-8103.800000
1156389.421872,851266.654720,-6200.000000
1156179.827547,851808.309739,-6200.000000
1156124.751838,851943.522874,-6200.000000
1155972.231966,852349.846953,-6200.000000
1155771.936099,852891.318175,-6200.000000
1155728.601222,853008.923114,-6200.000000
1155567.640746,853432.926151,-6200.000000
1155487.948033,853642.219863,-6200.000000
1151050.606898,878459.943103,-7700.000000
1150485.372268,878803.583493,-7700.000000
1149902.576308,879262.438989,-7700.000000
1149530.949081,879599.958394,-7700.000000
1149133.220704,879897.216974,-7700.000000
1148485.226357,880072.170148,-7700.000000
1147864.732427,880335.857037,-7700.000000
1147216.135111,880766.074322,-7700.000000
1146813.799161,881197.849488,-7700.000000
1146367.304387,881894.577597,-7700.000000
1145942.725028,882302.055127,-7700.000000
1145411.285640,882573.830669,-7700.000000
1145003.287384,882792.473681,-7700.000000
1157239.697668,852248.663343,-7000.000000
1157090.018803,852483.446151,-7000.000000
1156840.985107,853021.160687,-7000.000000
1156839.023279,853025.378920,-7000.000000
1156605.128429,853567.256542,-7000.000000
1156443.544632,853944.661428,-7000.000000
1156372.732281,854109.020885,-7000.000000
1156115.835402,854651.008362,-7000.000000
1156045.301018,854779.962023,-7000.000000
1155836.938676,855193.296212,-7000.000000
1155646.405352,855532.661304,-7000.000000
1155564.240650,855735.428017,-7000.000000
1155247.302360,856273.661918,-7000.000000
1155242.741379,856278.003806,-7000.000000
1154844.200383,856574.855793,-7000.000000
1154444.634510,856825.012333,-7000.000000
1154440.767168,856828.647844,-7000.000000
1154038.323445,857202.342699,-7000.000000
1153887.129596,857369.733506,-7000.000000
1153637.464317,857750.440640,-7000.000000
1153541.428529,857912.629719,-7000.000000
1153329.528528,858454.210204,-7000.000000
1154606.577463,863278.504398,-9500.000000
1153704.660886,863547.160400,-9500.000000
1151574.602586,864449.076978,-9500.000000
1147602.331702,866943.739851,-9500.000000
1145165.237972,868997.039294,-9500.000000
1141442.433375,872163.342172,-9500.000000
1138602.355642,875003.419905,-9500.000000
1152285.393635,878623.500801,-7400.000000
1151376.313013,879104.859080,-7400.000000
1150785.190206,879626.045099,-7400.000000
1150168.115317,880227.507254,-7400.000000
1149700.438076,880631.957678,-7400.000000
1148991.769735,880940.768778,-7400.000000
1148359.357994,881197.849488,-7400.000000
1147932.489364,881497.148183,-7400.000000
1147485.994590,881899.484133,-7400.000000
1147034.593280,882502.988058,-7400.000000
1146318.239027,883096.678912,-7400.000000
1145611.697846,883538.267150,-7400.000000
1153108.537332,878704.588530,-7200.000000
1152719.660786,878962.565719,-7200.000000
1151691.462957,879632.655529,-7200.000000
1151075.161156,880549.107519,-7200.000000
1149822.139967,881549.590635,-7200.000000
1148585.057515,882011.797266,-7200.000000
1147776.429151,882641.558782,-7200.000000
1147222.654671,883335.982204,-7200.000000
1146973.783454,883629.482175,-7200.000000
1146709.022598,883880.320354,-7200.000000
1146570.946938,883962.284980,-7200.000000
1146167.450334,884211.381817,-7200.000000
1158167.237656,853013.299127,-7000.000000
1158059.744546,853180.092388,-7000.000000
1157873.743226,853555.719346,-7000.000000
1157661.023254,853951.591368,-7000.000000
1157588.247479,854097.967115,-7000.000000
1157261.959067,854696.491554,-7000.000000
1156974.954816,855182.948288,-7000.000000
1156862.176403,855351.490117,-7000.000000
1156611.456381,855725.906282,-7000.000000
1156461.531811,855922.788699,-7000.000000
1156204.856638,856269.256412,-7000.000000
1156060.440963,856445.086727,-7000.000000
1155659.321262,856953.283763,-7000.000000
1154974.865077,857418.475865,-7000.000000
1154445.319069,858077.706609,-7000.000000
1153948.194246,859104.377440,-7000.000000
1158530.050891,853549.749683,-7700.000000
1158469.756114,853638.906514,-7700.000000
1158191.855035,854092.477112,-7700.000000
1158069.929020,854299.805788,-7700.000000
1157878.958936,854634.974694,-7700.000000
1157670.445747,854987.604936,-7700.000000
1157557.963092,855177.646238,-7700.000000
1157270.346856,855618.804614,-7700.000000
1157202.565268,855720.530910,-7700.000000
1156869.556007,856163.002360,-7700.000000
1156792.465964,856263.913253,-7700.000000
1156468.070687,856641.900129,-7700.000000
1156331.066010,856807.862245,-7700.000000
1156066.511113,857112.697849,-7700.000000
1155876.164473,857351.652244,-7700.000000
1155665.897398,857676.596411,-7700.000000
1155520.064883,857894.644117,-7700.000000
1155269.965811,858436.572576,-7700.000000
1155267.064847,858447.500059,-7700.000000
1155050.514506,858953.078581,-7700.000000
1154910.022708,859406.975158,-7700.000000
1154693.881481,859828.450552,-7700.000000
1153682.334406,878728.896627,-7100.000000
1151983.635679,879850.301554,-7100.000000
1151412.674548,880584.394437,-7100.000000
1150872.292452,881284.365723,-7100.000000
1150094.026220,881875.854139,-7100.000000
1149183.207272,882270.089206,-7100.000000
1148394.737138,882745.890149,-7100.000000
1147755.804444,883371.228531,-7100.000000
1147347.975064,884010.161226,-7100.000000
1146817.796870,884390.801980,-7100.000000
1146467.824685,884694.585821,-7100.000000
1158878.441018,853951.818908,-7700.000000
1158785.862477,854087.073869,-7700.000000
1158478.635057,854615.018798,-7700.000000
1158469.966836,854629.599040,-7700.000000
1158159.471637,855172.175384,-7700.000000
1158079.136598,855312.119591,-7700.000000
1157833.374758,855714.793908,-7700.000000
1157679.207923,855951.019060,-7700.000000
1157460.776578,856257.835616,-7700.000000
1157278.231710,856485.818105,-7700.000000
1157000.577204,856801.774189,-7700.000000
1156876.430896,856919.014692,-7700.000000
1156474.188543,857314.711557,-7700.000000
1156446.674488,857346.464897,-7700.000000
1156073.120440,857839.610752,-7700.000000
1156040.374453,857889.913540,-7700.000000
1155809.876195,858431.664007,-7700.000000
1155695.079859,858972.362921,-7700.000000
1155680.901651,859326.928334,-7700.000000
1155672.086146,859512.327648,-7700.000000
1155683.410084,859602.834086,-7700.000000
1155748.093627,860051.292736,-7700.000000
1155928.003574,860589.313605,-7700.000000
1156101.226125,860930.774855,-7700.000000
1156222.117401,861126.396521,-7700.000000
1156512.276763,861503.498629,-7700.000000
1156658.534264,861662.085806,-7700.000000
1156921.859501,861914.718660,-7700.000000
1157264.856130,862196.230179,-7700.000000
1157330.617945,862246.237599,-7700.000000
1157738.987511,862523.954167,-7700.000000
1158058.184788,862728.773635,-7700.000000
1158147.060059,862779.970948,-7700.000000
1158554.952778,863005.185854,-7700.000000
1158962.469180,863188.999477,-7700.000000
1159368.710426,863243.610326,-7700.000000
1159505.731465,863255.265214,-7700.000000
1159775.180945,863312.420395,-7700.000000
1160102.857914,863789.592038,-7700.000000
1160278.505043,864208.101712,-7700.000000
1160383.438770,864766.332518,-7700.000000
1160449.705974,865464.712212,-7700.000000
1161837.314040,867897.722889,-7000.000000
1161744.411100,869160.384177,-7000.000000
1161710.594830,869389.819237,-7000.000000
1161573.600394,869930.730600,-7000.000000
1161392.104013,870472.047355,-7000.000000
1161351.976679,870634.432147,-7000.000000
1161244.909563,871013.152377,-7000.000000
1161131.215280,871553.852964,-7000.000000
1160958.676706,872002.578003,-7000.000000
1160916.516674,872095.473053,-7000.000000
1160557.826488,872552.092934,-7000.000000
1160498.210133,872639.046103,-7000.000000
1160164.205543,873181.752326,-7000.000000
1160157.837194,873196.312081,-7000.000000
1159755.060365,873523.216982,-7000.000000
1159350.740318,873691.515821,-7000.000000
1159315.578105,873729.140381,-7000.000000
1159352.302295,873863.223265,-7000.000000
1159610.000568,874266.230300,-7000.000000
1159722.555780,874547.324122,-7000.000000
1154237.479154,878809.075055,-7000.000000
1153562.221112,879443.851969,-7000.000000
1152921.724697,880060.850641,-7000.000000
1152055.505350,880819.598116,-7000.000000
1151241.825116,881595.330285,-7000.000000
1150724.026171,882263.601039,-7000.000000
1150187.020872,882739.960888,-7000.000000
1149753.987307,883128.064753,-7000.000000
1149233.648702,883516.961316,-7000.000000
1148573.780698,883924.586882,-7000.000000
1147862.004636,884385.070327,-7000.000000
1147272.612628,884861.904739,-7000.000000
1146997.358380,885318.425224,-7000.000000
1159182.467448,854083.465941,-7500.000000
1159037.074421,854624.440263,-7500.000000
1158887.497966,854947.431953,-7500.000000
1158775.080388,855166.575700,-7500.000000
1158495.184721,855708.774299,-7500.000000
1158488.702874,855721.834531,-7500.000000
1158195.788260,856251.150592,-7500.000000
1158089.342864,856434.236764,-7500.000000
1157840.991265,856794.131072,-7500.000000
1157688.677678,856992.235957,-7500.000000
1156882.455510,857581.526235,-7500.000000
1156245.584578,858427.702452,-7500.000000
1156219.290387,858967.596757,-7500.000000
1156322.299754,859506.415828,-7500.000000
1156498.566236,859995.664123,-7500.000000
1157320.033973,861082.409272,-7500.000000
1157355.444004,861116.090858,-7500.000000
1157729.053095,861431.627032,-7500.000000
1158546.697965,862097.662473,-7500.000000
1158946.503801,862388.675728,-7500.000000
1159410.182732,862435.043622,-7500.000000
1160018.625501,862171.181515,-7500.000000
1160169.245412,862017.694705,-7500.000000
1160574.365906,861949.201593,-7500.000000
1160981.991461,862145.013925,-7500.000000
1161002.550316,862162.228723,-7500.000000
1161307.469439,862699.212481,-7500.000000
1161394.703732,862910.741773,-7500.000000
1161573.687114,863236.448764,-7500.000000
1161808.114020,863742.071205,-7500.000000
1162058.823332,864311.452900,-7500.000000
1162222.215284,864649.203685,-7500.000000
1162299.041513,864848.926913,-7500.000000
1162351.055293,865388.214341,-7500.000000
1162234.662990,865928.934996,-7500.000000
1162233.882079,865931.042343,-7500.000000
1162023.467444,866470.518914,-7500.000000
1161835.544277,866756.061871,-7500.000000
1155422.434568,879004.086507,-6800.000000
1154258.935405,880033.725555,-6800.000000
1153443.318497,881034.573185,-6800.000000
1152450.431289,882003.445703,-6800.000000
1151430.868953,882865.108344,-6800.000000
1150626.449000,883668.126878,-6800.000000
1149416.285622,884461.928066,-6800.000000
1148808.224005,884743.189364,-6800.000000
1148045.332489,885343.836803,-6800.000000
1147682.932253,885818.611494,-6800.000000
1147528.795167,886151.796482,-6800.000000
1159695.669272,854572.944254,-7000.000000
1159675.882971,854618.628646,-7000.000000
1159432.589741,855160.594225,-7000.000000
1159297.948906,855465.348641,-7000.000000
1159192.895232,855702.427408,-7000.000000
1158971.600599,856244.093563,-7000.000000
1158901.066076,856438.954396,-7000.000000
1158755.306574,856785.814608,-7000.000000
1158761.032228,857311.391429,-7000.000000
1158158.249617,858006.909826,-7000.000000
1157625.018846,858771.980063,-7000.000000
1157671.386739,859282.026888,-7000.000000
1157694.570686,859838.441606,-7000.000000
1158065.513831,860487.592110,-7000.000000
1158529.192762,860881.719201,-7000.000000
1159271.079053,861090.374720,-7000.000000
1160012.965343,860881.719201,-7000.000000
1160562.914303,860690.671517,-7000.000000
1161224.423579,860541.136806,-7000.000000
1161779.833559,860634.692610,-7000.000000
1162189.280888,861030.708430,-7000.000000
1162531.377339,861608.656722,-7000.000000
1163009.685605,861999.445373,-7000.000000
1163288.521131,862681.181279,-7000.000000
1163314.033997,863220.608060,-7000.000000
1163430.132899,863603.593446,-7000.000000
1163602.767541,864297.399000,-7000.000000
1163763.798136,865375.354280,-7000.000000
1163766.823253,866454.649841,-7000.000000
1163464.536105,867382.708754,-7000.000000
1163105.327691,867987.109029,-7000.000000
1156452.956383,879177.040407,-5800.000000
1156149.835632,880016.537331,-5800.000000
1155871.994570,880346.207709,-5800.000000
1155467.728293,880521.006086,-5800.000000
1155061.102891,880436.290275,-5800.000000
1154879.373860,880567.859831,-5800.000000
1154660.578546,881011.808974,-5800.000000
1154629.664858,881109.803357,-5800.000000
1154258.984587,881480.722929,-5800.000000
1154140.443031,881654.024036,-5800.000000
1153879.032300,882196.074499,-5800.000000
1153859.968382,882233.352904,-5800.000000
1153522.315664,882738.991369,-5800.000000
1153459.370012,882800.971953,-5800.000000
1153055.608601,883031.572627,-5800.000000
1152651.662505,883230.870397,-5800.000000
1152541.463100,883287.679483,-5800.000000
1152247.413546,883407.867577,-5800.000000
1151843.614081,883634.367441,-5800.000000
1151439.138529,883775.461189,-5800.000000
1151355.695911,883838.127917,-5800.000000
1151037.224352,884209.572961,-5800.000000
1150815.365254,884382.712434,-5800.000000
1150634.067053,884506.876553,-5800.000000
1150229.713311,884661.470516,-5800.000000
1149824.787117,884764.062027,-5800.000000
1149419.748303,884843.250973,-5800.000000
1149248.972485,884936.714848,-5800.000000
1149016.726081,885155.554720,-5800.000000
1148860.548447,885479.919154,-5800.000000
1148879.449075,886019.425364,-5800.000000
1149028.868656,886492.837491,-5800.000000
1149077.461921,886557.405715,-5800.000000
1160156.500046,855154.007908,-6500.000000
1160108.064081,855293.462119,-6500.000000
1159917.906162,855695.831366,-6500.000000
1159760.413155,856236.917315,-6500.000000
1159713.671024,856551.573669,-6500.000000
1159671.721932,856777.477730,-6500.000000
1159637.330594,857317.444560,-6500.000000
1159642.440823,857857.152472,-6500.000000
1159626.249728,858396.954627,-6500.000000
1159413.454632,858938.545868,-6500.000000
1159636.969230,859476.268178,-6500.000000
1159740.882795,859542.529760,-6500.000000
1159906.574889,859473.815299,-6500.000000
1160144.009939,859244.131446,-6500.000000
1160547.412515,858987.034751,-6500.000000
1160953.108802,858971.041819,-6500.000000
1161359.349405,859025.850975,-6500.000000
1161765.938553,859107.959529,-6500.000000
1162172.763553,859215.968371,-6500.000000
1162579.320298,859305.477502,-6500.000000
1162986.220222,859421.686040,-6500.000000
1163265.845489,859443.243040,-6500.000000
1163392.565874,859476.993057,-6500.000000
1163452.049408,859441.547907,-6500.000000
1163796.867788,859318.796243,-6500.000000
1163860.758010,859437.826983,-6500.000000
1163799.049230,859558.401286,-6500.000000
1163566.464306,859980.162598,-6500.000000
1163484.274915,860520.567602,-6500.000000
1163590.490726,861059.357858,-6500.000000
1163754.607207,861597.521412,-6500.000000
1163819.691851,861825.753463,-6500.000000
1163892.723296,862135.922105,-6500.000000
1163989.439434,862674.800166,-6500.000000
1164147.056455,863213.024181,-6500.000000
1164239.849727,863397.899749,-6500.000000
1164575.382170,863748.883791,-6500.000000
1164649.621027,863840.117999,-6500.000000
1165059.080379,864237.034100,-6500.000000
1165110.410747,864283.671934,-6500.000000
1165468.491972,864628.650045,-6500.000000
1165710.342134,864817.869038,-6500.000000
1165877.494406,864986.265879,-6500.000000
1166204.172216,865353.132435,-6500.000000
1166201.386706,865892.819186,-6500.000000
1166042.296167,866433.929963,-6500.000000
1165892.664919,866652.017674,-6500.000000
1165691.799960,866976.884311,-6500.000000
1165492.496990,867264.632503,-6500.000000
1165334.802020,867519.798102,-6500.000000
1165093.000495,867962.051472,-6500.000000
1165043.105725,868062.117505,-6500.000000
1164693.407782,868605.065356,-6500.000000
1164693.010499,868605.369008,-6500.000000
1164043.478431,868797.202801,-6500.000000
1163481.766758,869275.474906,-6900.000000
1163077.442151,869442.875054,-6900.000000
1162697.461097,869702.664502,-6900.000000
1162494.164902,870244.179839,-6900.000000
1162404.072739,870784.665224,-6900.000000
1162302.680874,871325.353904,-6900.000000
1162053.481937,871867.288223,-6900.000000
1161884.790786,872167.260320,-6900.000000
1161720.479107,872409.985551,-6900.000000
1161438.378758,872952.319946,-6900.000000
1161328.321730,873327.994668,-6900.000000
1157337.054315,879504.166251,-5500.000000
1157088.803229,880273.936209,-5500.000000
1156932.884465,880549.191276,-5500.000000
1156632.174398,881091.599366,-5500.000000
1156247.560059,881634.870593,-5500.000000
1155886.970954,881993.598015,-5500.000000
1155602.829483,882180.406651,-5500.000000
1155019.964328,882266.635882,-5500.000000
1154672.731286,882348.883288,-5500.000000
1154342.862606,882731.534355,-5500.000000
1154271.053759,882808.697687,-5500.000000
1153900.441978,883275.330822,-5500.000000
1153869.623761,883295.813732,-5500.000000
1153466.106672,883542.314860,-5500.000000
1153061.906794,883724.712960,-5500.000000
1152779.979757,883825.188453,-5500.000000
1152657.443243,883867.107581,-5500.000000
1152254.057929,884139.210568,-5500.000000
1152013.836806,884371.825706,-5500.000000
1151852.422059,884603.924947,-5500.000000
1151594.814483,884915.409287,-5500.000000
1151451.504258,885136.742630,-5500.000000
1151198.791945,885458.684098,-5500.000000
1151050.956315,885721.364594,-5500.000000
1150851.371752,886001.517652,-5500.000000
1150708.466474,886323.152679,-5500.000000
1160919.792402,855309.878219,-5500.000000
1160758.418844,855688.183477,-5500.000000
1160519.865700,855959.680621,-5500.000000
1160408.323475,856231.022202,-5500.000000
1160403.734210,856770.817473,-5500.000000
1160529.558468,857024.898033,-5500.000000
1160887.852627,857306.066201,-5500.000000
1160938.329345,857346.911018,-5500.000000
1161343.780794,857315.118480,-5500.000000
1161363.361012,857301.738962,-5500.000000
1161729.156461,856758.755907,-5500.000000
1161744.328275,856733.515325,-5500.000000
1164983.981666,859427.599695,-6000.000000
1164885.593197,859968.151971,-6000.000000
1164619.080370,860486.033014,-6000.000000
1164604.700397,860510.366508,-6000.000000
1164598.314498,861050.181910,-6000.000000
1164625.314174,861170.648931,-6000.000000
1164714.630664,861588.780484,-6000.000000
1164754.045070,862128.079748,-6000.000000
1165024.766484,862665.373214,-6000.000000
1165044.949134,862685.191610,-6000.000000
1165454.221325,863061.606178,-6000.000000
1165600.095654,863199.793040,-6000.000000
1165863.356655,863433.921518,-6000.000000
1166271.803690,863719.633500,-6000.000000
1166309.430429,863733.092324,-6000.000000
1166679.861234,863962.544151,-6000.000000
1166924.362776,864267.151218,-6000.000000
1167091.161372,864572.366154,-6000.000000
1167171.785296,864804.557891,-6000.000000
1167217.302997,865343.904212,-6000.000000
1167278.020326,865883.012517,-6000.000000
1167331.637517,866422.185952,-6000.000000
1167347.054438,866961.807841,-6000.000000
1167117.773841,867493.858078,-6000.000000
1167110.661960,867503.623994,-6000.000000
1166715.509663,867876.266553,-6000.000000
1166510.056466,868048.757927,-6000.000000
1166313.664169,868315.677894,-6000.000000
1166164.259893,868591.671083,-6000.000000
1165914.540365,869054.000006,-6000.000000
1165814.361664,869134.521832,-6000.000000
1165511.055978,869302.603707,-6000.000000
1165107.559608,869560.908510,-6000.000000
1164906.543038,869682.553289,-6000.000000
1164395.828770,870161.472803,-6800.000000
1164110.910604,870206.337472,-6800.000000
1163732.430551,870421.136274,-6800.000000
1163481.232628,870687.614539,-6800.000000
1163294.012374,871016.916417,-6800.000000
1163191.037729,871313.748518,-6800.000000
1162974.809889,871939.209678,-6800.000000
1162767.128635,872342.672081,-6800.000000
1157963.836518,879925.446187,-5300.000000
1157477.054502,881269.891754,-5300.000000
1156410.770087,882498.436841,-5300.000000
1155344.485671,883008.398953,-5300.000000
1154788.163368,883912.422697,-5300.000000
1154278.201256,884144.223656,-5300.000000
1153745.059048,884283.304232,-5300.000000
1153271.811935,884360.396037,-5300.000000
1153068.075036,884403.553189,-5300.000000
1152664.304340,884622.252537,-5300.000000
1152456.566668,884907.580461,-5300.000000
1152264.916247,885334.382626,-5300.000000
1152201.053481,885449.579311,-5300.000000
1151971.141444,885991.345926,-5300.000000
1151501.130383,890853.137192,-5262.100000
1151503.692172,890881.918310,-5262.100000
1151554.035676,891392.339061,-5262.100000
1151647.843971,891931.169828,-5262.100000
1151876.063049,892468.880056,-5262.100000
1165835.174852,860339.544340,-5000.000000
1165752.326517,860499.915726,-5000.000000
1165748.241642,861039.710210,-5000.000000
1165843.735148,861279.466199,-5000.000000
1166100.064542,861576.163691,-5000.000000
1166255.707554,861952.386777,-5000.000000
1166662.834873,862093.294147,-5000.000000
1167066.527368,861868.092966,-5000.000000
1167354.395238,861564.738230,-5000.000000
1169331.014446,864219.733270,-5000.000000
1169326.131625,864759.537378,-5000.000000
1169323.786450,864776.560631,-5000.000000
1169262.146175,865299.780420,-5000.000000
1169055.356383,865841.324974,-5000.000000
1169132.275766,866380.385161,-5000.000000
1169342.002904,866775.919540,-5000.000000
1169535.704559,866916.370907,-5000.000000
1169750.885342,867109.132550,-5000.000000
1170055.637763,867451.295271,-5000.000000
1152997.628340,889760.078104,-5000.000000
1153119.676977,890082.618013,-5000.000000
1153204.345452,890297.881396,-5000.000000
1153364.460553,890836.208559,-5000.000000
1160987.043106,882671.114162,-4740.800000
1161172.169551,883044.882402,-4740.800000
1161252.069193,883208.478517,-4740.800000
1161472.192156,883746.151819,-4740.800000
1161587.073461,884050.049751,-4740.800000
1161672.714305,884284.003877,-4740.800000
1161810.133860,884822.530594,-4740.800000
1145252.161206,872239.026144,-8900.000000
1144670.312802,873732.814538,-8900.000000
1144428.653450,874725.985759,-8900.000000
1144451.750464,875265.444795,-8900.000000
1144396.944823,875805.711135,-8900.000000
1144125.828020,876347.840493,-8900.000000
1144070.558137,876748.793813,-8900.000000
1144081.932173,877131.965419,-8900.000000
1144299.718230,877511.050234,-8900.000000
1144729.672929,877650.046949,-8900.000000
1145295.639772,877588.888985,-8900.000000
1145572.813133,877392.324787,-8900.000000
1146013.713884,876870.379307,-8900.000000
1146099.725260,876749.183025,-8900.000000
1146470.538061,876326.563113,-8900.000000
1146903.827545,875922.578610,-8900.000000
1147306.415265,875573.979816,-8900.000000
1147709.220578,875238.380626,-8900.000000
1147712.298021,875235.852368,-8900.000000
1148112.207968,874922.882247,-8900.000000
1148515.497210,874651.686631,-8900.000000
1148919.167621,874411.491322,-8900.000000
1149783.289413,873597.942758,-8900.000000
1150001.198021,873056.296354,-8900.000000
1150251.106655,872514.259666,-8900.000000
1150521.994151,872167.856842,-8900.000000
1150739.386714,871685.438304,-8900.000000
1150739.386714,871244.943319,-8900.000000
1150437.995409,870920.368067,-8900.000000
1149788.844905,870827.632280,-8900.000000
1149291.343262,870703.153815,-8900.000000
1148883.048675,870433.828571,-8900.000000
1147547.540561,870610.606511,-8900.000000
1146007.837949,871529.593259,-8900.000000
1171920.225439,866225.785234,-4500.000000
1171876.700092,868227.951188,-4500.000000
1171506.734644,869381.372879,-4500.000000
1171006.193156,869947.202388,-4500.000000
1170222.736912,870338.930510,-4500.000000
1169243.576669,871209.452405,-4500.000000
1168843.054573,871783.171860,-4500.000000
1168354.338631,872611.326571,-4500.000000
1164512.766771,879400.778242,-4486.000000
1164700.489565,879938.742270,-4486.000000
1164799.564585,880307.990665,-4486.000000
1164847.811393,880477.174574,-4486.000000
1164960.630655,881015.821448,-4486.000000
1165078.351278,881554.524148,-4486.000000
1165220.722861,881988.588276,-4486.000000
1165245.273959,882092.679261,-4486.000000
1165997.080466,878117.291981,-4235.100000
1166174.624329,878306.200496,-4235.100000
1166408.128908,878687.625228,-4235.100000
1166480.855253,878843.183846,-4235.100000
1166694.680936,879380.909138,-4235.100000
1166823.567535,879739.884054,-4235.100000
1166885.805761,879918.841590,-4235.100000
1167075.731742,880456.885383,-4235.100000
1167178.652346,880995.622079,-4235.100000
1171847.259568,871238.413012,-3988.100000
1171617.486763,871420.029748,-3988.100000
1171214.476994,871720.640092,-3988.100000
1171170.551303,871784.248303,-3988.100000
1170904.758911,872326.337987,-3988.100000
1170815.649124,872491.070633,-3988.100000
1170612.065832,872868.773200,-3988.100000
1170416.496711,873226.000306,-3988.100000
1170320.571387,873411.097784,-3988.100000
1170062.277898,873953.120101,-3988.100000
1170018.338344,874059.133962,-3988.100000
1169651.795328,875036.298866,-3988.100000
1169622.253313,875130.880216,-3988.100000
1169474.205246,875577.686854,-3988.100000
1169306.614413,876118.884112,-3988.100000
1169227.993968,876403.137529,-3988.100000
1169146.323636,876660.015256,-3988.100000
1169007.034516,877201.055460,-3988.100000
1168913.846535,877741.576021,-3988.100000
1168888.661831,878281.477413,-3988.100000
1168961.283022,878820.588116,-3988.100000
1169080.005827,879359.179194,-3988.100000
1172444.788231,873142.202868,-3745.100000
1172040.984548,873355.810771,-3745.100000
1171997.643697,873395.810889,-3745.100000
1171639.278552,873810.529902,-3745.100000
1171553.243435,873939.530467,-3745.100000
1171239.574436,874473.957492,-3745.100000
1171235.348992,874482.197057,-3745.100000
1171009.757303,875023.922591,-3745.100000
1170730.681803,876105.906124,-3745.100000
1170668.796966,876646.140763,-3745.100000
1170671.716101,877185.885223,-3745.100000
1170752.338191,877724.821914,-3745.100000
1170823.259912,878263.847468,-3745.100000
1173101.432631,874465.184421,-3505.900000
1172864.440720,874655.869472,-3505.900000
1172483.224580,875010.490351,-3505.900000
1172462.355159,875068.988134,-3505.900000
1172331.738096,875551.641208,-3505.900000
1172331.657602,876091.312122,-3505.900000
1172406.780720,876630.297862,-3505.900000
1172469.804270,877169.494379,-3505.900000
1133535.038798,878476.605721,-6073.500000
1156749.071243,888646.519200,-4740.800000
1156654.158955,888107.701846,-4740.800000
1156407.536976,887570.264227,-4740.800000
1156342.662726,887486.141540,-4740.800000
1156052.007522,887033.717052,-4740.800000
1155931.761657,886920.593456,-4740.800000
1154323.525563,888582.254803,-4700.000000
1154428.316845,888667.615292,-4700.000000
1154733.642719,889050.597942,-4700.000000
1154874.251870,889203.343032,-4700.000000
1155066.169402,889741.279820,-4700.000000
1146938.493411,895752.023950,-5262.100000
1146704.977948,895214.457394,-5262.100000
1146672.780516,895182.244453,-5262.100000
1146264.026274,894852.801326,-5262.100000
1145958.623152,894681.445345,-5262.100000
1145856.231545,894640.067841,-5262.100000
1145449.170331,894508.140260,-5262.100000
1144414.191713,898365.594562,-4800.000000
1144268.987429,897606.180702,-4800.000000
1143884.889529,897194.721259,-4800.000000
1143228.262936,897235.256144,-4800.000000
1142159.235114,897556.159697,-4800.000000
1140717.709105,898744.906444,-4800.000000
1138695.594202,900734.226749,-4800.000000
1132256.659925,907570.035664,-4800.000000
1130200.227138,909594.244446,-4800.000000
1152422.817822,851097.410056,-6500.000000
1151492.266269,852075.283878,-6500.000000
1150596.691894,852503.168635,-6500.000000
1149627.805705,852561.939353,-6500.000000
1149074.339799,853095.941655,-6500.000000
1148992.140173,853636.438658,-6500.000000
1148475.117207,854391.321877,-6500.000000
1148480.289630,854960.935947,-6500.000000
1148552.420154,855200.138389,-6500.000000
1149043.994605,855405.549707,-6500.000000
1149642.772200,855310.165089,-6500.000000
1150366.139467,855009.391119,-6500.000000
1150537.988053,854842.306989,-6500.000000
1151153.210738,854357.003564,-6500.000000
1151708.200804,853842.265010,-6500.000000
1152104.933052,853508.856998,-6500.000000
1153332.281749,853297.823038,-6500.000000
1153764.625929,852484.377342,-6500.000000
1153747.457362,851695.006121,-6500.000000
1153470.920457,850957.963200,-6500.000000
1152898.494364,850653.351606,-6500.000000
1152422.817822,851097.410056,-6500.000000
1155170.843961,850867.572895,-6400.000000
1154505.547509,852441.948312,-6400.000000
1154046.015593,853648.512268,-6400.000000
1152985.573920,854886.678143,-6400.000000
1152115.810802,855534.985455,-6400.000000
1150763.464613,856292.232069,-6400.000000
1149669.397759,856707.323924,-6400.000000
1148940.058652,856988.407055,-6400.000000
1148198.599789,857374.155551,-6400.000000
1147339.168183,857721.765888,-6400.000000
1146605.437688,857519.314582,-6400.000000
1146609.846179,856565.201133,-6400.000000
1147127.038156,855814.680350,-6400.000000
1147109.214287,855812.241909,-6400.000000
1146720.699389,855748.662355,-6400.000000
1146314.666467,855727.345676,-6400.000000
1145909.370761,855776.228866,-6400.000000
1145756.494178,855824.520992,-6400.000000
1145504.797285,855915.714061,-6400.000000
1145100.991415,856139.800316,-6400.000000
1144749.475926,856373.312839,-6400.000000
1144697.693632,856408.886186,-6400.000000
1144293.885363,856632.772085,-6400.000000
1143889.144065,856753.856119,-6400.000000
1143483.398460,856753.237021,-6400.000000
1143076.605726,856648.216888,-6400.000000
1142669.240931,856469.094437,-6400.000000
1155732.843338,862361.103348,-9000.000000
1154658.841501,862572.067995,-9000.000000
1153719.089893,862878.925663,-9000.000000
1152223.158761,863530.998207,-9000.000000
1150842.299256,864087.177730,-9000.000000
1150190.226712,864240.606564,-9000.000000
1148809.367206,865199.536776,-9000.000000
1147102.471428,866426.967448,-9000.000000
1145990.112382,867347.540452,-9000.000000
1146546.291905,866868.075345,-9000.000000
1144858.574732,868383.185081,-9000.000000
1143477.715226,869533.901335,-9000.000000
1142077.677116,870588.724569,-9000.000000
1141061.211091,871470.940364,-9000.000000
1139450.208335,872890.157078,-9000.000000
1138567.992539,873829.908686,-9000.000000
1137992.634412,874366.909605,-9000.000000
1155761.352686,853770.949280,-6500.000000
1155663.323422,854115.471108,-6500.000000
1155634.160392,854185.842926,-6500.000000
1155437.926367,854657.171904,-6500.000000
1155273.530693,855198.418503,-6500.000000
1155238.661134,855323.147563,-6500.000000
1155080.533390,855739.825511,-6500.000000
1154838.666026,855966.046157,-6500.000000
1154433.458839,856024.634931,-6500.000000
1154029.404092,856221.026513,-6500.000000
1153925.020504,856289.981957,-6500.000000
1153626.183445,856509.219371,-6500.000000
1153295.415347,856835.457485,-6500.000000
1153224.209352,856923.613292,-6500.000000
1152925.212752,857378.475562,-6500.000000
1152786.074504,857868.018175,-6500.000000
1152414.944804,858410.310874,-7500.000000
1150941.342010,859805.166090,-7500.000000
1149099.129426,861225.204956,-7500.000000
1148216.402563,861935.224390,-7500.000000
1147410.434558,862472.536393,-7500.000000
1146546.897409,863029.038111,-7500.000000
1145433.893973,864065.282689,-7500.000000
1144109.803679,865274.234697,-7500.000000
1142248.401381,866866.980994,-7500.000000
1140636.465370,868325.399289,-7500.000000
1139312.375076,869534.351297,-7500.000000
1137278.265348,871491.702167,-7500.000000
1136242.020769,872547.136460,-7500.000000
1151747.310015,857502.400360,-7500.000000
1148446.679136,860150.580949,-7500.000000
1145107.668828,862990.658682,-7500.000000
1143802.768248,864161.231261,-7500.000000
1142229.211666,865562.080414,-7500.000000
1140598.085941,867193.206139,-7500.000000
1139561.841363,868075.933002,-7500.000000
1138103.423067,869342.454153,-7500.000000
1136376.348770,870916.010735,-7500.000000
1135627.949908,871856.306741,-7500.000000
1146508.855141,874236.311418,-9200.000000
1146794.826022,874063.807671,-9200.000000
1147224.078646,873837.723803,-9200.000000
1147693.817352,873541.706043,-9200.000000
1148098.013958,873359.514114,-9200.000000
1148502.025889,873168.022490,-9200.000000
1148668.042121,873068.402868,-9200.000000
1149197.832765,872421.331724,-9200.000000
1149206.985184,871989.944851,-9200.000000
1149126.199315,871729.282382,-9200.000000
1148432.726351,871644.090716,-9200.000000
1147820.632112,871884.904499,-9200.000000
1147262.710533,872334.342957,-9200.000000
1147095.071004,872584.191223,-9200.000000
1146395.645818,873283.240607,-9200.000000
1145995.021622,873783.530495,-9200.000000
1145776.766608,874216.816189,-9200.000000
1145805.276271,874477.954492,-9200.000000
1146080.076451,874514.670047,-9200.000000
1146508.855141,874236.311418,-9200.000000
1150165.241200,878415.147686,-7900.000000
1149675.228279,878733.355804,-7900.000000
1149092.431886,879192.210435,-7900.000000
1148659.679446,879525.195070,-7900.000000
1148305.265029,879670.707126,-7900.000000
1147657.723349,879917.243597,-7900.000000
1147049.312888,880211.635756,-7900.000000
1146548.846218,880717.008962,-7900.000000
1145883.632944,881646.607941,-7900.000000
1145278.053399,881997.614852,-7900.000000
1144680.248654,882396.096612,-7900.000000
1151313.263895,878495.024195,-7600.000000
1150708.191097,878890.103327,-7600.000000
1150125.395248,879348.959140,-7600.000000
1149753.768111,879686.478755,-7600.000000
1149365.197870,880044.813533,-7600.000000
1148815.665840,880280.327260,-7600.000000
1148261.227275,880456.962555,-7600.000000
1147522.220123,880881.329085,-7600.000000
1147124.899979,881277.307380,-7600.000000
1146616.581339,882081.937345,-7600.000000
1146165.544688,882388.577427,-7600.000000
1145634.105338,882660.353238,-7600.000000
1145160.296536,882959.295904,-7600.000000
1151761.742483,878548.126257,-7500.000000
1151245.219969,878793.214326,-7500.000000
1150508.546000,879406.443159,-7500.000000
1150136.919047,879743.963069,-7500.000000
1149747.907676,880098.785428,-7500.000000
1149262.160614,880417.710267,-7500.000000
1148658.656689,880672.850138,-7500.000000
1147981.554724,880986.868441,-7500.000000
1147402.583478,881423.550143,-7500.000000
1146948.198251,882001.355385,-7500.000000
1146548.697016,882446.064523,-7500.000000
1146017.257785,882717.840729,-7500.000000
1145328.597771,883174.151442,-7500.000000
1150570.782290,878435.628483,-7800.000000
1150016.222008,878748.533759,-7800.000000
1149433.425846,879207.388797,-7800.000000
1149061.798460,879544.907904,-7800.000000
1148648.692857,879787.779306,-7800.000000
1148016.075602,880017.118896,-7800.000000
1147395.581602,880280.805336,-7800.000000
1146830.249880,880739.755443,-7800.000000
1146423.048922,881244.067403,-7800.000000
1145924.610081,881940.362346,-7800.000000
1145425.249479,882242.941651,-7800.000000
1144856.091305,882591.305706,-7800.000000
1147087.545061,875032.675190,-9000.000000
1147761.711117,874526.414742,-9000.000000
1148519.442101,874043.211378,-9000.000000
1149075.832495,873680.916609,-9000.000000
1149582.755604,873116.633483,-9000.000000
1149835.212798,872543.244327,-9000.000000
1150166.646816,871849.075978,-9000.000000
1150159.788050,871523.150678,-9000.000000
1149851.872328,871280.348644,-9000.000000
1149182.590158,871012.541848,-9000.000000
1148620.471992,870743.761435,-9000.000000
1147669.529686,870931.015817,-9000.000000
1146864.065523,871402.741185,-9000.000000
1145919.065428,872244.881866,-9000.000000
1145402.177808,873023.596864,-9000.000000
1144924.791862,874218.736963,-9000.000000
1144967.104087,874944.747001,-9000.000000
1144913.186866,875564.458007,-9000.000000
1144704.800732,876221.295614,-9000.000000
1144517.851629,876615.960266,-9000.000000
1144545.987490,877092.030584,-9000.000000
1144987.633041,877207.104655,-9000.000000
1145483.844016,876773.908631,-9000.000000
1146061.243031,876101.813058,-9000.000000
1146604.108279,875561.020357,-9000.000000
1147087.545061,875032.675190,-9000.000000
1147094.480181,874484.839501,-9100.000000
1148243.092093,873771.834492,-9100.000000
1149083.090237,873168.803286,-9100.000000
1149423.421898,872617.941536,-9100.000000
1149633.207706,872115.897857,-9100.000000
1149666.117389,871805.989615,-9100.000000
1148838.799322,871182.376206,-9100.000000
1148053.257964,871225.232867,-9100.000000
1146915.152475,871783.334855,-9100.000000
1145890.692647,873054.887643,-9100.000000
1145540.503764,873832.090788,-9100.000000
1145368.164398,874524.324039,-9100.000000
1145515.264045,874987.405088,-9100.000000
1145388.823978,875488.693172,-9100.000000
1145355.695877,875774.788634,-9100.000000
1145534.735209,875820.796357,-9100.000000
1145818.129209,875556.245861,-9100.000000
1146301.458548,875015.994184,-9100.000000
1146691.475569,874690.935351,-9100.000000
1147094.480181,874484.839501,-9100.000000
1142571.396056,874642.843930,-8600.000000
1142458.048892,875275.001570,-8600.000000
1142110.446406,876337.977002,-8600.000000
1141797.268380,877257.743992,-8600.000000
1141588.014582,877819.324847,-8600.000000
1141473.801949,878356.227900,-8600.000000
1140980.532566,877862.676783,-8600.000000
1140979.992706,877803.140898,-8600.000000
1141211.441688,877062.736909,-8600.000000
1141514.117040,876297.871490,-8600.000000
1141732.685797,875450.412801,-8600.000000
1140534.892704,877307.034507,-8500.000000
1140929.263139,876148.369457,-8500.000000
1142882.711938,880143.703879,-8600.000000
1143290.350924,880210.029618,-8600.000000
1143657.113366,880184.311866,-8600.000000
1143929.683150,880038.940679,-8600.000000
1144098.466987,879824.947454,-8600.000000
1144304.912995,879584.442328,-8600.000000
1144500.112512,879361.041540,-8600.000000
1145084.157089,879037.699561,-8600.000000
1145600.780440,878742.959849,-8600.000000
1146149.720327,878502.833818,-8600.000000
1146518.921081,878230.273053,-8600.000000
1146711.843836,877943.484319,-8600.000000
1146919.700582,877671.262023,-8600.000000
1147320.834188,877162.354536,-8600.000000
1147831.284590,876753.384260,-8600.000000
1148400.330175,876299.975724,-8600.000000
1149167.293613,875793.332199,-8600.000000
1150291.619476,874989.513790,-8600.000000
1151126.429111,874298.501826,-8600.000000
1151691.205117,873367.376826,-8600.000000
1151867.308000,872527.973628,-8600.000000
1152107.239562,871731.806197,-8600.000000
1152339.079028,871175.391479,-8600.000000
1152594.102440,870665.344654,-8600.000000
1152663.654280,870132.113883,-8600.000000
1152385.446921,869761.170738,-8600.000000
1151689.928524,869598.883112,-8600.000000
1150971.226180,869506.147326,-8600.000000
1150391.627516,869390.227593,-8600.000000
1149784.887212,869149.421381,-8600.000000
1149581.386547,869032.189545,-8600.000000
1148948.584724,868847.408188,-8600.000000
1149871.963984,878367.329774,-8000.000000
1149350.845007,878711.332452,-8000.000000
1148977.229351,879082.934612,-8000.000000
1148527.097324,879372.978619,-8000.000000
1147861.973830,879605.399700,-8000.000000
1147271.567293,879886.349371,-8000.000000
1146661.696545,880157.663860,-8000.000000
1146126.884124,880854.391969,-8000.000000
1145793.239677,881374.484783,-8000.000000
1145160.296536,881732.661910,-8000.000000
1144473.381499,882120.278252,-8000.000000
1149551.638453,878254.769112,-8100.000000
1149035.630606,878540.635840,-8100.000000
1148662.014791,878912.237648,-8100.000000
1148211.882681,879202.281272,-8100.000000
1147546.759197,879434.701838,-8100.000000
1146956.352618,879715.651031,-8100.000000
1146360.775219,880041.210577,-8100.000000
1145890.164995,880700.800816,-8100.000000
1145518.473662,881202.756024,-8100.000000
1144919.876273,881580.559294,-8100.000000
1144306.559275,881919.110277,-8100.000000
1149125.070564,878185.371421,-8200.000000
1148707.188324,878412.170633,-8200.000000
1148333.572465,878783.772210,-8200.000000
1147883.440360,879073.815595,-8200.000000
1147218.316957,879306.235858,-8200.000000
1146627.910423,879587.184763,-8200.000000
1146032.333052,879912.744008,-8200.000000
1145561.722703,880572.333908,-8200.000000
1145315.962646,881063.075118,-8200.000000
1144915.589672,881325.413460,-8200.000000
1144154.456660,881722.848838,-8200.000000
1152749.660335,878661.457267,-7300.000000
1151956.871401,879122.487640,-7300.000000
1151520.479215,879381.160205,-7300.000000
1150713.103992,880245.460058,-7300.000000
1149931.989199,880985.674441,-7300.000000
1149168.975911,881351.824506,-7300.000000
1148286.231181,881719.060899,-7300.000000
1147526.150741,882408.482213,-7300.000000
1147088.037761,882951.292015,-7300.000000
1146637.298904,883422.372085,-7300.000000
1146315.546805,883592.929448,-7300.000000
1145857.124525,883873.199268,-7300.000000
1147758.641034,886464.033486,-6800.000000
1146841.133250,887345.483634,-6800.000000
1146146.813131,887805.809003,-6800.000000
1144875.644286,888201.518301,-6800.000000
1143621.459780,888544.683760,-6800.000000
1141351.164025,890451.224430,-6800.000000
1140533.817422,890825.348554,-6800.000000
1139907.275720,891058.041769,-6800.000000
1139385.341957,891272.323662,-6800.000000
1138810.074925,891382.313300,-6800.000000
1138269.729939,891491.985937,-6800.000000
1144342.189802,890795.789660,-5600.000000
1145185.131151,890071.888476,-5600.000000
1145929.648212,889515.450364,-5600.000000
1146308.798057,889078.926953,-5600.000000
1147103.128695,888505.379165,-5600.000000
1147748.464599,888033.125353,-5600.000000
1148161.679580,887679.577423,-5600.000000
1144618.595598,890880.566873,-5500.000000
1145231.246130,890314.119630,-5500.000000
1145957.984561,889779.152147,-5500.000000
1146304.396260,889434.598509,-5500.000000
1146618.663926,889130.980596,-5500.000000
1147329.586306,888644.928759,-5500.000000
1148347.236077,887920.356980,-5500.000000
1144226.084590,890624.005754,-5700.000000
1144911.372231,889999.998385,-5700.000000
1145573.232998,889481.877866,-5700.000000
1146056.716473,889014.148671,-5700.000000
1146072.603905,888973.360500,-5700.000000
1146653.697869,888512.874138,-5700.000000
1147299.520811,888019.284845,-5700.000000
1148001.723004,887468.281958,-5700.000000
1158338.195279,869159.134780,-7600.000000
1158017.433417,870559.814276,-7600.000000
1157945.657015,870756.644449,-7600.000000
1157726.581234,870935.196530,-7600.000000
1157335.864196,871115.309458,-7600.000000
1156915.633555,871285.881681,-7600.000000
1156666.127025,871781.473290,-7600.000000
1156630.952071,872489.156677,-7600.000000
1156490.721078,873083.369413,-7600.000000
1155893.555331,873824.114440,-7600.000000
1155617.273653,874266.785011,-7600.000000
1155365.271347,875153.283822,-7600.000000
1155021.355718,876227.863670,-7600.000000
1154526.805420,876752.482609,-7600.000000
1154218.591419,877036.292814,-7600.000000
1153680.489490,877488.348181,-7600.000000
1152905.848953,878098.732124,-7600.000000
1152192.104814,878542.122266,-7600.000000
1153511.923365,872988.342895,-8300.000000
1153317.219476,873595.118657,-8300.000000
1153147.877044,874118.965636,-8300.000000
1153002.734601,874648.132645,-8300.000000
1152749.461015,874991.117835,-8300.000000
1152528.899916,875206.020846,-8300.000000
1152169.572434,875416.690444,-8300.000000
1151638.689864,875793.743577,-8300.000000
1151155.301772,876258.271849,-8300.000000
1150858.122103,876481.455047,-8300.000000
1150483.102931,876804.180623,-8300.000000
1150024.308696,877168.031908,-8300.000000
1148756.850725,878032.649760,-8300.000000
1153115.192350,873451.904561,-8400.000000
1152812.827046,874277.742881,-8400.000000
1152585.370713,874822.081779,-8400.000000
1151960.133854,875282.884058,-8400.000000
1151278.630837,875816.042690,-8400.000000
1150241.884797,876682.918587,-8400.000000
1149450.683772,877268.998281,-8400.000000
1148836.737384,877722.890209,-8400.000000
1148526.180217,877969.348814,-8400.000000
1153708.916669,873099.785859,-8200.000000
1153514.212928,873706.561792,-8200.000000
1153344.870623,874230.408918,-8200.000000
1153199.728314,874759.576068,-8200.000000
1152978.765079,875130.304388,-8200.000000
1152745.466839,875337.115728,-8200.000000
1152366.566228,875528.134261,-8200.000000
1151835.683675,875905.187623,-8200.000000
1151352.295636,876369.716127,-8200.000000
1151055.115979,876592.899456,-8200.000000
1150680.096837,876915.625205,-8200.000000
1150221.302628,877279.476695,-8200.000000
1149011.927279,878101.825285,-8200.000000
1154189.456930,872404.644292,-8100.000000
1153719.255156,873871.884870,-8100.000000
1153549.912970,874395.732189,-8100.000000
1153404.770788,874924.899527,-8100.000000
1153183.807610,875295.628015,-8100.000000
1152950.509372,875502.439484,-8100.000000
1152571.608719,875693.458186,-8100.000000
1152040.726142,876070.511816,-8100.000000
1151557.338120,876535.040596,-8100.000000
1151260.158454,876758.224078,-8100.000000
1150885.139312,877080.950031,-8100.000000
1150426.345094,877444.801762,-8100.000000
1149389.730550,878155.797181,-8100.000000
1155023.581904,871726.945427,-8000.000000
1154776.923263,872225.146798,-8000.000000
1154535.108438,872669.119519,-8000.000000
1154310.296618,872898.055482,-8000.000000
1154191.358892,873254.019990,-8000.000000
1154100.978757,873551.547454,-8000.000000
1153965.434824,874000.747526,-8000.000000
1153807.837472,874583.957134,-8000.000000
1153592.859796,875254.955404,-8000.000000
1153403.690629,875565.017001,-8000.000000
1152830.949013,875919.288622,-8000.000000
1152368.154276,876208.565271,-8000.000000
1151895.045749,876643.380236,-8000.000000
1151485.398615,877019.440648,-8000.000000
1150948.192675,877443.202091,-8000.000000
1150300.668197,877891.236522,-8000.000000
1149792.066500,878209.769077,-8000.000000
1157570.518742,869576.458577,-7700.000000
1157451.849183,870253.691867,-7700.000000
1157287.978847,870536.046309,-7700.000000
1156625.591801,870906.153001,-7700.000000
1156172.747777,871440.792346,-7700.000000
1156003.770839,872305.727992,-7700.000000
1155709.690970,873140.594831,-7700.000000
1155410.699498,873431.585866,-7700.000000
1155185.887726,873660.522468,-7700.000000
1155066.950376,874016.487624,-7700.000000
1154976.570568,874314.015616,-7700.000000
1154841.027129,874763.216483,-7700.000000
1154756.094260,875019.970805,-7700.000000
1154700.566845,875317.736508,-7700.000000
1154598.761807,875632.268156,-7700.000000
1154468.453490,876017.426576,-7700.000000
1154279.284539,876327.488865,-7700.000000
1153996.086704,876533.685514,-7700.000000
1153706.542698,876681.761812,-7700.000000
1153243.747784,876971.039536,-7700.000000
1152770.639285,877405.855785,-7700.000000
1152360.992174,877781.917307,-7700.000000
1151823.786161,878205.680115,-7700.000000
1151513.478418,878421.570956,-7700.000000
1155688.508511,871179.150473,-7900.000000
1155417.469510,871740.813649,-7900.000000
1155235.253172,872293.797422,-7900.000000
1155003.617831,872734.900320,-7900.000000
1154650.023044,873141.712602,-7900.000000
1154405.679815,873726.469291,-7900.000000
1154233.296353,874216.950443,-7900.000000
1154051.361836,874801.140734,-7900.000000
1153971.363234,875155.551083,-7900.000000
1153818.931461,875552.229727,-7900.000000
1153568.797315,875784.878407,-7900.000000
1153285.599496,875991.074501,-7900.000000
1152996.055585,876139.150294,-7900.000000
1152533.260757,876428.427160,-7900.000000
1152060.152173,876863.242395,-7900.000000
1151650.504988,877239.303041,-7900.000000
1151113.298964,877663.064767,-7900.000000
1150465.774370,878111.099516,-7900.000000
1150194.402450,878273.554044,-7900.000000
1157128.612946,870019.264782,-7800.000000
1157016.655495,870290.744553,-7800.000000
1156283.065620,870838.338572,-7800.000000
1155862.560688,871497.512201,-7800.000000
1155682.425152,872279.329904,-7800.000000
1155365.934201,872937.559030,-7800.000000
1154902.875143,873493.096672,-7800.000000
1154611.537425,874059.160019,-7800.000000
1154475.993729,874508.360563,-7800.000000
1154335.533115,875062.880207,-7800.000000
1154233.727901,875377.411624,-7800.000000
1154103.419371,875762.569755,-7800.000000
1153914.250290,876072.631752,-7800.000000
1153341.508481,876426.904107,-7800.000000
1152878.713591,876716.181351,-7800.000000
1152405.605015,877150.997039,-7800.000000
1151995.957838,877527.058077,-7800.000000
1151458.751788,877950.820283,-7800.000000
1150811.227128,878398.855582,-7800.000000
1159051.277667,868680.678408,-7500.000000
1158699.903401,870077.791047,-7500.000000
1158570.644084,870734.316592,-7500.000000
1158397.980842,871193.592092,-7500.000000
1157945.232605,871738.634387,-7500.000000
1157425.628594,871795.371778,-7500.000000
1157229.701890,871984.396697,-7500.000000
1157190.176603,872213.609028,-7500.000000
1157164.647069,872837.985892,-7500.000000
1156941.960601,873516.168275,-7500.000000
1156426.799991,874061.778876,-7500.000000
1156140.757081,874636.513809,-7500.000000
1155928.470452,875314.603131,-7500.000000
1155665.688270,876159.591635,-7500.000000
1155357.138473,876547.288049,-7500.000000
1154842.257668,877124.104730,-7500.000000
1153995.752521,877839.167869,-7500.000000
1153386.025842,878281.613868,-7500.000000
1152869.062569,878629.594099,-7500.000000
1155511.630422,877673.557109,-7000.000000
1155446.076704,877864.145975,-7000.000000
1155443.606580,877867.468866,-7000.000000
1155041.355271,878263.777426,-7000.000000
1154884.053536,878408.926356,-7000.000000
1154429.340255,878785.369753,-7000.000000
1157727.021436,876196.710860,-7000.000000
1157461.097890,876594.360961,-7000.000000
1157148.040976,876618.751901,-7000.000000
1159615.759113,868251.369898,-7400.000000
1159150.210199,870344.506537,-7400.000000
1159020.951280,871001.032458,-7400.000000
1158848.288281,871460.308278,-7400.000000
1158395.540224,872005.351125,-7400.000000
1157875.936025,872062.088901,-7400.000000
1157680.009365,872251.114039,-7400.000000
1157640.484220,872480.326497,-7400.000000
1157614.955107,873104.703652,-7400.000000
1157392.269011,873782.886485,-7400.000000
1156877.108554,874328.497682,-7400.000000
1156591.065917,874903.233065,-7400.000000
1156378.779666,875581.322830,-7400.000000
1156115.997954,876426.311885,-7400.000000
1155807.448290,876814.008682,-7400.000000
1155292.567660,877390.825973,-7400.000000
1154446.062638,878105.890011,-7400.000000
1153836.335999,878548.336626,-7400.000000
1153648.726107,878700.675215,-7400.000000
1160129.929971,867863.148422,-7300.000000
1159559.575775,870632.803182,-7300.000000
1159430.317208,871289.329493,-7300.000000
1159257.654416,871748.605636,-7300.000000
1158804.906488,872293.649023,-7300.000000
1158285.302081,872350.387152,-7300.000000
1158089.375449,872539.412501,-7300.000000
1158049.850429,872768.625092,-7300.000000
1158024.321696,873393.002556,-7300.000000
1157801.635921,874071.185847,-7300.000000
1157286.475565,874616.797624,-7300.000000
1157000.433154,875191.533455,-7300.000000
1156788.147229,875869.623671,-7300.000000
1156525.365924,876714.613288,-7300.000000
1156216.816359,877102.310461,-7300.000000
1155899.132155,877423.614904,-7300.000000
1163979.950348,871780.811152,-5600.000000
1163786.853424,872593.149933,-5600.000000
1162867.978411,873751.731472,-5600.000000
1161629.494696,874437.558475,-5600.000000
1160976.960266,874896.995982,-5600.000000
1160277.816234,875636.091102,-5600.000000
1160031.451194,876042.260492,-5600.000000
1159930.113202,876363.301057,-5600.000000
1158923.681625,875221.780854,-6700.000000
1158898.914674,875673.966620,-6700.000000
1158799.018128,876214.545126,-6700.000000
1158676.899649,876412.181427,-6700.000000
1158507.712215,876756.865017,-6700.000000
1158276.493038,877011.000968,-6700.000000
1157992.795790,877301.318886,-6700.000000
1157873.803769,877347.907029,-6700.000000
1157468.186725,877373.898624,-6700.000000
1157063.064316,877443.291178,-6700.000000
1156658.553787,877590.988241,-6700.000000
1156313.519762,877856.259944,-6700.000000
1156255.693305,877920.194080,-6700.000000
1155938.806774,878399.338264,-6700.000000
1155855.457130,878527.112927,-6700.000000
1155525.392064,878942.868636,-6700.000000
1137589.883723,873944.980312,-8500.000000
1139354.315313,872180.548721,-8500.000000
1141655.747823,869975.009233,-8500.000000
1143918.823124,868210.577643,-8500.000000
1145338.039838,867059.861388,-8500.000000
1147064.114220,865448.858631,-8500.000000
1148951.450561,864249.224543,-8500.000000
1150049.262578,863749.320245,-8500.000000
1151340.942966,863147.426122,-8500.000000
1152625.909451,862572.067995,-8500.000000
1155598.593109,861670.673595,-8500.000000
1160381.650678,876137.055967,-5500.000000
1160364.701358,876739.972476,-5500.000000
1160253.906231,877280.751321,-5500.000000
1159906.616005,877759.573649,-5500.000000
1159503.404056,878049.979723,-5500.000000
1159099.874216,878294.482439,-5500.000000
1158961.659448,878371.849783,-5500.000000
1158291.984216,878714.285644,-5500.000000
1158012.519755,878920.254511,-5500.000000
1157889.121966,879032.291608,-5500.000000
1157538.786891,879608.009839,-5500.000000
1161031.700911,875571.050836,-5300.000000
1160995.106310,876194.880805,-5300.000000
1160947.752435,876797.673756,-5300.000000
1160753.519519,877518.049189,-5300.000000
1160304.142108,878071.662200,-5300.000000
1159795.064101,878650.540908,-5300.000000
1158728.779685,879345.943787,-5300.000000
1158241.997670,880018.166571,-5300.000000
1161980.122310,875277.091237,-5000.000000
1161642.196686,877626.208219,-5000.000000
1161047.479285,878466.474686,-5000.000000
1159977.825383,879374.469356,-5000.000000
1159339.394557,880056.616846,-5000.000000
1159015.471856,880461.140339,-5000.000000
1162578.954559,878142.058242,-4800.000000
1161881.272739,878720.081196,-4800.000000
1161232.230052,879554.564651,-4800.000000
1160814.988324,880064.526763,-4800.000000
1160119.585444,880481.768491,-4800.000000
1160050.045157,881246.711658,-4800.000000
1159493.722853,882405.716457,-4800.000000
1158450.618533,883077.939241,-4800.000000
1156132.608935,885697.290088,-4800.000000
1163642.960034,877398.815724,-4600.000000
1163712.500322,875915.289581,-4600.000000
1164129.742050,875034.445934,-4600.000000
1165381.467233,874269.502766,-4600.000000
1166656.372513,873435.019311,-4600.000000
1167490.855968,872554.175663,-4600.000000
1164593.343970,876633.872557,-4400.000000
1165033.765794,875335.787182,-4400.000000
1166053.690017,874779.464878,-4400.000000
1149562.826118,868268.370098,-8500.000000
1150433.263539,868732.603389,-8500.000000
1151342.387067,868868.004766,-8500.000000
1151883.992574,868848.661712,-8500.000000
1153334.721608,869216.179734,-8500.000000
1153624.867415,870280.047693,-8500.000000
1153083.261909,871305.229544,-8500.000000
1152483.627241,872001.579481,-8500.000000
1152096.766166,873607.052946,-8500.000000
1151688.945498,874268.757641,-8500.000000
1150856.614126,875043.326912,-8500.000000
1149649.751278,876009.431837,-8500.000000
1148801.104939,876581.541940,-8500.000000
1147881.154511,877270.074000,-8500.000000
1147351.649214,877926.117298,-8500.000000
1146705.588755,878496.387105,-8500.000000
1146000.199472,878908.003736,-8500.000000
1145552.656633,879027.840890,-8500.000000
1145135.630890,879321.064271,-8500.000000
1144805.560695,879627.970458,-8500.000000
1144477.197031,880122.996750,-8500.000000
1143974.658199,880561.715509,-8500.000000
1143456.203882,880841.386632,-8500.000000
1152793.116102,873607.052946,-8400.000000
1153218.663286,872311.068341,-8400.000000
1154108.443760,870531.507392,-8400.000000
1154282.531244,869177.493626,-8400.000000
1154089.100707,868345.742313,-8400.000000
1152812.459156,868036.253452,-8400.000000
1151593.846767,867997.567345,-8400.000000
1150181.803840,867649.392376,-8400.000000
1154205.159029,872349.754449,-8300.000000
1155036.910343,870396.106015,-8300.000000
1155307.713096,868848.661712,-8300.000000
1154978.881181,867552.677107,-8300.000000
1153740.925738,867185.159085,-8300.000000
1152116.109219,867204.502139,-8300.000000
1150820.124615,866972.385493,-8300.000000
1156390.924108,870608.879607,-8100.000000
1157087.274045,867688.078484,-8100.000000
1157512.821228,866430.779987,-8100.000000
1157667.565659,865657.057835,-8100.000000
1157261.361529,865502.313405,-8100.000000
1156739.099077,865676.400889,-8100.000000
1155946.033871,865850.488373,-8100.000000
1154533.990944,865695.743943,-8100.000000
1153199.320232,865734.430051,-8100.000000
1152328.882811,865618.371728,-8100.000000
1158421.944757,869080.778357,-7900.000000
1158789.462779,867997.567345,-7900.000000
1159002.236371,867011.071601,-7900.000000
1159137.637747,866198.663342,-7900.000000
1159176.323855,865366.912028,-7900.000000
1157744.937874,863974.212155,-7900.000000
1156139.464409,864206.328801,-7900.000000
1156042.749140,864245.014908,-7900.000000
1154785.450643,864225.671854,-7900.000000
1153876.327115,864245.014908,-7900.000000
1159563.184931,868229.683990,-7800.000000
1159717.929361,867281.874354,-7800.000000
1159814.644630,866353.407772,-7800.000000
1159853.330738,865831.145320,-7800.000000
1157242.018475,863335.891380,-7800.000000
1155713.917225,863509.978864,-7800.000000
1154514.647890,863626.037187,-7800.000000
1160472.308459,867610.706269,-7700.000000
1160530.337621,866991.728547,-7700.000000
1160569.023728,866566.181364,-7700.000000
1156797.128238,862774.942820,-7700.000000
1155849.318602,862871.658089,-7700.000000
1155385.085311,862929.687250,-7700.000000
1155327.056150,871459.973974,-8200.000000
1155946.033871,869467.639433,-8200.000000
1156255.522732,867997.567345,-8200.000000
1156468.296323,867185.159085,-8200.000000
1156313.551893,866662.896633,-8200.000000
1155481.800580,866430.779987,-8200.000000
1154475.961782,866450.123041,-8200.000000
1153605.524362,866450.123041,-8200.000000
1152154.795327,866334.064718,-8200.000000
1151516.474552,866314.721664,-8200.000000
1157338.733744,869835.157455,-8000.000000
1158015.740627,867784.793753,-8000.000000
1158402.601703,866450.123041,-8000.000000
1158479.973918,865521.656459,-8000.000000
1158305.886434,864883.335683,-8000.000000
1157725.594820,864631.875984,-8000.000000
1156004.063032,864999.394006,-8000.000000
1154301.874298,864941.364845,-8000.000000
1153005.889694,865057.423168,-8000.000000
1148275.182467,869437.014745,-8700.000000
1149132.704387,869453.044225,-8700.000000
1149731.515990,869828.662474,-8700.000000
1150507.852354,870083.587773,-8700.000000
1151365.353272,870271.217563,-8700.000000
1151782.664310,870479.873082,-8700.000000
1151829.032203,870920.368067,-8700.000000
1151606.428593,871728.825153,-8700.000000
1151498.946362,872428.432067,-8700.000000
1151189.634590,873166.156932,-8700.000000
1150864.957469,873830.530421,-8700.000000
1150190.763174,874504.357811,-8700.000000
1149469.354508,875070.463641,-8700.000000
1148461.321853,875733.608524,-8700.000000
1147454.287659,876506.966825,-8700.000000
1146337.898050,877718.809497,-8700.000000
1145901.763124,878211.002431,-8700.000000
1144526.363640,878866.524647,-8700.000000
1143686.353726,879469.554903,-8700.000000
1142948.430838,879511.973455,-8700.000000
1142337.923287,879160.265415,-8700.000000
1141963.184545,878544.439006,-8700.000000
1142345.646075,877385.878777,-8700.000000
1142799.981076,876274.300936,-8700.000000
1142993.761772,875319.893625,-8700.000000
1143152.144553,874401.533046,-8700.000000
1143244.485043,874079.176940,-8700.000000
1143976.784109,873417.588952,-8800.000000
1143754.413823,875158.187820,-8800.000000
1143491.999941,876422.829138,-8800.000000
1143274.837324,877425.082967,-8800.000000
1143198.724022,878223.619958,-8800.000000
1143713.865635,878564.283644,-8800.000000
1144402.646139,878355.595731,-8800.000000
1145186.143435,878086.506818,-8800.000000
1145895.819624,877556.107554,-8800.000000
1146590.453251,876680.508327,-8800.000000
1147440.526357,875874.947151,-8800.000000
1147960.981346,875489.162384,-8800.000000
1148920.053297,874885.048801,-8800.000000
1149819.804166,874305.289219,-8800.000000
1150183.950044,873754.209807,-8800.000000
1150604.386163,872845.377160,-8800.000000
1150884.856493,872259.334401,-8800.000000
1151273.787881,871815.203362,-8800.000000
1151280.827467,871279.277341,-8800.000000
1151226.249592,870943.552013,-8800.000000
1151013.680430,870710.118398,-8800.000000
1150201.297525,870419.796750,-8800.000000
1149736.814748,870412.107253,-8800.000000
1149389.347909,870177.102369,-8800.000000
1148208.280933,869937.758570,-8800.000000
1147389.181873,870219.079401,-8800.000000
1157132.361188,876588.067667,-7200.000000
1157394.873912,875823.030585,-7200.000000
1157739.890636,874952.988413,-7200.000000
1158152.410631,874540.468417,-7200.000000
1158459.925537,873932.938969,-7200.000000
1158564.930627,873062.896797,-7200.000000
1158662.435353,872912.889526,-7200.000000
1159022.452803,872777.882982,-7200.000000
1159059.954621,872770.382619,-7200.000000
1159697.485523,872102.850262,-7200.000000
1159974.998975,871225.307727,-7200.000000
1160215.010608,870257.760828,-7200.000000
1160642.531331,868165.159397,-7200.000000
1160785.038238,867385.121587,-7200.000000
1157882.397543,876048.041492,-7100.000000
1158189.912449,875343.007318,-7100.000000
1158579.931354,874787.980415,-7100.000000
1158857.444805,874405.461873,-7100.000000
1158947.449168,873707.928063,-7100.000000
1159037.453530,873302.908431,-7100.000000
1159622.481888,873010.394252,-7100.000000
1160297.514607,872012.845900,-7100.000000
1160747.536421,870865.290276,-7100.000000
1160972.547327,869680.232834,-7100.000000
1161527.574230,866920.099047,-7100.000000
1163069.132908,874804.687987,-4800.000000
1163026.857092,875012.490212,-4800.000000
1162962.474729,875301.013233,-4800.000000
1162887.363218,875553.529374,-4800.000000
1162797.370516,876094.018382,-4800.000000
1162600.691797,878145.104448,-4800.000000
1159832.521640,876543.470096,-6400.000000
1159772.465293,876896.301130,-6400.000000
1159704.901904,877144.033559,-6400.000000
1159689.478655,877285.886229,-6400.000000
1159497.831084,877437.349359,-6400.000000
1159093.495676,877593.247472,-6400.000000
1158689.228346,877767.647189,-6400.000000
1158493.528024,877836.436023,-6400.000000
1158284.517860,877893.344265,-6400.000000
1157878.761293,877893.033915,-6400.000000
1157473.901438,878002.329678,-6400.000000
1157070.281773,878237.030581,-6400.000000
1156865.153545,878390.915998,-6400.000000
1156668.358545,878669.342249,-6400.000000
1156424.263307,879068.618350,-6400.000000
1161966.453384,875170.369475,-5200.000000
1163327.745785,874245.361849,-5200.000000
1164001.050656,873817.467165,-5200.000000
1164391.615786,873394.379613,-5200.000000
1164769.200195,872556.964686,-5200.000000
1164873.877061,871846.657382,-5200.000000
1165030.892360,871427.949919,-5200.000000
1165587.922824,871106.442402,-5200.000000
1166189.692402,871557.770835,-5000.000000
1165741.080085,871720.902587,-5000.000000
1165577.948333,871897.628651,-5000.000000
1165550.759708,872169.514904,-5000.000000
1165523.005028,872510.220073,-5000.000000
1165292.614466,872920.868445,-5000.000000
1165225.706080,873052.693963,-5000.000000
1165049.812136,873383.279912,-5000.000000
1164886.205345,873651.762851,-5000.000000
1164644.990205,873857.320101,-5000.000000
1164227.583136,874171.948546,-5000.000000
1163654.959367,874497.064605,-5000.000000
1151616.589237,880774.714814,-7000.000000
1152201.144681,880054.216243,-7000.000000
1152799.294438,879646.386864,-7000.000000
1153193.529505,879415.283549,-7000.000000
1148150.039511,883629.520471,-7000.000000
1148258.794012,883398.417156,-7000.000000
1148924.915332,882800.267400,-7000.000000
1149495.876463,882487.598209,-7000.000000
1149958.083094,882256.494893,-7000.000000
1146114.280041,879187.807168,-8300.000000
1145518.702698,879513.366026,-8300.000000
1145145.576928,879887.804381,-8300.000000
1144929.689345,880349.018763,-8300.000000
1148721.785803,878045.324180,-8300.000000
1148502.669632,878184.523159,-8300.000000
1148129.053709,878556.124442,-8300.000000
1147678.921604,878846.167521,-8300.000000
1147382.957334,878955.562545,-8300.000000
1145336.931831,879946.682813,-8300.000000
1144591.138362,880643.410922,-8300.000000
1144282.026595,880849.485433,-8300.000000
1143918.942933,881055.559944,-8300.000000
1143704.376665,881180.393659,-8300.000000
1165879.522665,871334.488431,-5100.000000
1165688.861231,871416.734540,-5100.000000
1165386.046012,871555.057541,-5100.000000
1165217.815334,871887.780436,-5100.000000
1165176.692280,872381.257090,-5100.000000
1164944.935988,872957.482751,-5100.000000
1164726.793600,873444.108078,-5100.000000
1164447.823047,873708.395971,-5100.000000
1164167.486462,873934.070569,-5100.000000
1163912.954691,874109.022857,-5100.000000
1163665.446982,874262.142033,-5100.000000
1163430.524410,874421.553778,-5100.000000
1163235.454775,874557.892770,-5100.000000
1162892.640397,874802.981142,-5100.000000
1165318.753741,870889.611751,-5300.000000
1164690.692546,871353.180729,-5300.000000
1164597.231058,871734.503597,-5300.000000
1164470.123435,872332.657116,-5300.000000
1164197.215892,873143.902827,-5300.000000
1163613.008908,873804.882027,-5300.000000
1163164.138994,874094.340196,-5300.000000
1162310.447149,874662.768919,-5300.000000
1161114.859061,875512.265718,-5300.000000
1164354.231191,871528.888325,-5500.000000
1164197.215892,872123.303385,-5500.000000
1164002.815999,872863.518365,-5500.000000
1163692.523861,873383.164234,-5500.000000
1163023.339611,873936.456240,-5500.000000
1161916.755600,874624.332787,-5500.000000
1161131.679107,875129.024818,-5500.000000
1160460.716670,875957.298505,-5500.000000
1143092.494221,880933.508812,-8700.000000
1142399.220222,881069.444891,-8700.000000
1141773.914262,881123.819322,-8700.000000
1141311.731596,880892.727989,-8700.000000
1140931.110576,880321.796460,-8700.000000
1140971.891400,878459.472187,-8700.000000
1142684.685987,880471.326146,-8800.000000
1142208.909712,880620.855832,-8800.000000
1141651.571791,880552.887793,-8800.000000
1141420.480458,880022.737088,-8800.000000
1141325.325203,878853.686814,-8800.000000
1143337.179162,881273.349008,-8600.000000
1142535.156300,881490.846733,-8600.000000
1141556.416537,881599.595596,-8600.000000
1140808.768106,881422.878694,-8600.000000
1140536.895949,880824.759950,-8600.000000
1140332.991832,880131.485950,-8600.000000
1140305.804616,879207.120618,-8600.000000
1140441.740694,877847.759835,-8600.000000
1143649.832143,881626.782812,-8500.000000
1142643.905163,882088.965478,-8500.000000
1141379.699635,882279.275988,-8500.000000
1140278.617400,882184.120733,-8500.000000
1139884.402773,881776.312498,-8500.000000
1139671.710559,880538.717775,-8500.000000
1139653.574776,878906.497327,-8500.000000
1140052.561996,877455.634706,-8500.000000
1143867.329868,881980.216615,-8400.000000
1142874.996496,882537.554536,-8400.000000
1141950.631164,882795.833085,-8400.000000
1140007.042303,883084.980357,-8400.000000
1139007.476755,882988.868285,-8400.000000
1138776.807782,882219.971709,-8400.000000
1138911.364683,880778.290631,-8400.000000
1139109.501293,878453.102758,-8400.000000
1139853.068386,877147.326399,-8400.000000
1144438.261397,882714.271438,-8100.000000
1144383.886965,882782.239477,-8100.000000
1143146.868653,883584.262339,-8100.000000
1141923.443948,884291.129947,-8100.000000
1140872.050950,884738.107994,-8100.000000
1139857.215558,885011.591162,-8100.000000
1136912.233587,885853.008028,-8100.000000
1135951.112868,885680.006298,-8100.000000
1135508.997337,885295.558011,-8100.000000
1135220.661121,884526.661435,-8100.000000
1136239.449084,882239.194124,-8100.000000
1137206.462031,880104.298735,-8100.000000
1138946.279248,876984.104354,-8100.000000
1148489.156530,888178.901786,-5400.000000
1147551.197590,888844.988570,-5400.000000
1146667.613081,889456.700922,-5400.000000
1146028.713513,890177.162137,-5400.000000
1144927.631279,890924.810568,-5400.000000
1149087.275275,888246.869825,-5400.000000
1149739.768451,887540.002218,-5400.000000
1150066.015039,886969.070689,-5400.000000
1150324.293588,886384.545553,-5400.000000
1144859.663240,883312.390183,-7900.000000
1143948.891515,884005.664182,-7900.000000
1142616.717947,884957.216730,-7900.000000
1140756.716464,885737.673542,-7900.000000
1138911.364683,886256.678730,-7900.000000
1137142.902560,886929.463233,-7900.000000
1135643.554238,887794.471881,-7900.000000
1133240.752440,888851.704672,-7900.000000
1132068.185162,888832.482257,-7900.000000
1131702.959289,888063.585682,-7900.000000
1131779.848947,887390.801179,-7900.000000
1132337.298964,886275.901144,-7900.000000
1132913.971395,885180.223524,-7900.000000
1133894.314529,883200.314843,-7900.000000
1135643.554238,880912.847531,-7900.000000
1136806.256883,879450.570809,-7900.000000
1137876.268066,877473.770489,-7900.000000
1147140.836841,886380.131486,-6900.000000
1145978.612148,887203.373977,-6900.000000
1143145.689458,888196.107569,-6900.000000
1140772.814043,890108.935710,-6900.000000
1138690.494802,890714.261071,-6900.000000
1138157.808484,890714.261071,-6900.000000
1146075.464205,884951.563634,-7300.000000
1144985.878556,885920.084212,-7300.000000
1143242.541516,887106.521919,-7300.000000
1141499.204476,888002.403454,-7300.000000
1139411.214392,888695.597959,-7300.000000
1137373.031457,889540.698200,-7300.000000
1146438.659422,885411.610909,-7200.000000
1145276.434729,886331.705457,-7200.000000
1143726.801805,887300.226035,-7200.000000
1141935.038736,888341.385656,-7200.000000
1139852.719495,889019.350060,-7200.000000
1137919.861025,889863.824763,-7200.000000
1111077.308656,907055.331093,-4400.000000
1111384.867286,908304.788028,-4400.000000
1112153.763861,909246.686333,-4400.000000
1113557.000111,910438.476024,-4400.000000
1114498.898416,910842.146726,-4400.000000
1116728.698484,910957.481213,-4400.000000
1119996.508930,910227.029466,-4400.000000
1170679.753054,867205.105537,-4800.000000
1170745.041075,868489.103269,-4800.000000
1170461.064626,869361.113765,-4800.000000
1169936.383944,869809.048047,-4800.000000
1169569.856710,870077.778429,-4800.000000
1169130.434762,870428.865386,-4800.000000
1169104.850668,870452.901359,-4800.000000
1168829.925814,870817.709325,-4800.000000
1168416.435019,871144.149427,-4800.000000
1167872.368183,871884.080323,-4800.000000
1167539.139233,872086.262095,-4800.000000
1172529.580295,869054.932778,-4200.000000
1172290.190887,869729.575654,-4200.000000
1171572.022665,870469.506550,-4200.000000
1170810.329095,870817.709325,-4200.000000
1170092.160872,871492.352201,-4200.000000
1169427.641788,872381.540512,-4200.000000
1169002.430336,873187.315542,-4200.000000
1170008.553834,867458.756874,-5000.000000
1170164.629135,867986.764100,-5000.000000
1170165.259226,867990.058741,-5000.000000
1170164.878821,868014.165003,-5000.000000
1170154.575884,868529.818907,-5000.000000
1169957.986072,869071.273532,-5000.000000
1169769.965901,869203.202074,-5000.000000
1169389.383630,869616.218095,-5000.000000
1169368.046871,869634.414629,-5000.000000
1168964.714226,869910.521616,-5000.000000
1168627.072274,870162.827258,-5000.000000
1168561.754542,870216.628639,-5000.000000
1168159.615435,870623.840188,-5000.000000
1168100.469293,870707.388918,-5000.000000
1167759.164394,871205.457407,-5000.000000
1167729.170402,871250.436010,-5000.000000
1167357.732765,871690.472053,-5000.000000
1167192.264444,871794.991618,-5000.000000
1157570.518742,869576.458577,-7700.000000
1157451.849183,870253.691867,-7700.000000
1157287.978847,870536.046309,-7700.000000
1156625.591801,870906.153001,-7700.000000
1156172.747777,871440.792346,-7700.000000
1156003.770839,872305.727992,-7700.000000
1155709.690970,873140.594831,-7700.000000
1155410.699498,873431.585866,-7700.000000
1155185.887726,873660.522468,-7700.000000
1155066.950376,874016.487624,-7700.000000
1154976.570568,874314.015616,-7700.000000
1154841.027129,874763.216483,-7700.000000
1154756.094260,875019.970805,-7700.000000
1154700.566845,875317.736508,-7700.000000
1154598.761807,875632.268156,-7700.000000
1154468.453490,876017.426576,-7700.000000
1154279.284539,876327.488865,-7700.000000
1153996.086704,876533.685514,-7700.000000
1153706.542698,876681.761812,-7700.000000
1153243.747784,876971.039536,-7700.000000
1152770.639285,877405.855785,-7700.000000
1152360.992174,877781.917307,-7700.000000
1151823.786161,878205.680115,-7700.000000
1151513.478418,878421.570956,-7700.000000
1109039.732731,908766.125973,-4000.000000
1109558.737919,910246.251881,-4000.000000
1110615.970710,911534.153644,-4000.000000
1112884.215608,912841.277822,-4000.000000
1114960.236361,913148.836452,-4000.000000
1117612.929546,913014.279552,-4000.000000
1119669.727885,912783.610579,-4000.000000
1109712.517234,908343.232857,-4100.000000
1110346.856909,910227.029466,-4100.000000
1111327.200043,911303.484672,-4100.000000
1113230.219067,912399.162291,-4100.000000
1115383.129477,912610.608850,-4100.000000
1119477.503741,912206.938148,-4100.000000
1144099.917906,895948.082615,-5000.000000
1144006.594498,895341.480461,-5000.000000
1143306.668935,895341.480461,-5000.000000
1142466.758260,895621.450686,-5000.000000
1140740.275206,896787.993290,-5000.000000
1138407.189998,898654.461457,-5000.000000
1135000.885594,901127.531778,-5000.000000
1130847.993924,904067.219140,-5000.000000
1125984.757043,906160.566438,-5000.000000
1121630.414152,906997.663850,-5000.000000
1119266.057183,906843.884535,-5000.000000
1117478.372645,904787.086196,-5000.000000
1116882.477799,901903.724038,-5000.000000
1117267.404953,899999.538355,-5000.000000
1141673.100332,890932.628009,-7000.000000
1137488.906018,892196.404774,-7000.000000
1133490.643827,894656.873816,-7000.000000
1129165.600590,897790.127360,-7000.000000
1126609.019477,898597.468764,-7000.000000
1125398.007371,897790.127360,-7000.000000
1124879.002183,896367.668696,-7000.000000
1125417.229786,891735.066829,-7000.000000
1125724.788416,890178.051264,-7000.000000
1126436.017748,887371.578764,-7000.000000
1110635.193125,907324.444894,-4300.000000
1111115.753484,908804.570802,-4300.000000
1111711.648330,909842.581178,-4300.000000
1112691.991464,910649.922583,-4300.000000
1114095.227714,911341.929500,-4300.000000
1116901.700214,911457.263987,-4300.000000
1119650.505471,910880.591555,-4300.000000
1111615.536258,906670.882805,-4500.000000
1111711.648330,907459.001795,-4500.000000
1111961.539717,908131.786298,-4500.000000
1113076.439751,909362.020819,-4500.000000
1114652.677731,910380.808781,-4500.000000
1116478.807097,910457.698439,-4500.000000
1120015.731344,909669.579449,-4500.000000
1110173.855180,907824.227668,-4200.000000
1110577.525882,909112.129432,-4200.000000
1111538.646601,910649.922583,-4200.000000
1112538.212149,911322.707086,-4200.000000
1113845.336327,911880.157103,-4200.000000
1116055.913981,912033.936418,-4200.000000
1119381.391669,911572.598473,-4200.000000
1139667.056011,893988.291041,-6000.000000
1136873.788758,896136.999723,-6000.000000
1133509.866241,898270.687720,-6000.000000
1129357.824734,900942.603319,-6000.000000
1124686.778039,902903.289586,-6000.000000
1122802.981430,902672.620613,-6000.000000
1121380.522765,901269.384363,-6000.000000
1121169.076207,898001.573918,-6000.000000
1121688.081395,895617.994535,-6000.000000
1122149.419340,893176.747908,-6000.000000
1145837.876696,884601.133112,-7400.000000
1144840.408644,885435.379119,-7400.000000
1143153.780848,886741.155478,-7400.000000
1141485.288834,887502.858354,-7400.000000
1137988.688792,889101.596059,-7400.000000
1136201.004255,890274.163336,-7400.000000
1133682.867971,891735.066829,-7400.000000
1131414.623073,893426.639295,-7400.000000
1129223.267834,894522.316915,-7400.000000
1128031.478142,894041.756555,-7400.000000
1127358.693638,892830.744449,-7400.000000
1127377.916053,890101.161607,-7400.000000
1128031.478142,887371.578764,-7400.000000
1131855.024000,881611.669466,-7400.000000
1135663.702569,878362.423844,-7400.000000
1145634.498886,884318.317162,-7500.000000
1144587.791083,885120.340024,-7500.000000
1143201.243084,886235.015866,-7500.000000
1140931.110576,887213.755630,-7500.000000
1137892.576721,888640.258114,-7500.000000
1135585.886995,890139.606435,-7500.000000
1133702.090385,891177.616812,-7500.000000
1131991.295505,892215.627189,-7500.000000
1130934.062714,893119.080665,-7500.000000
1129992.164409,893734.197925,-7500.000000
1129031.043690,893868.754826,-7500.000000
1127800.809169,892561.630648,-7500.000000
1128281.369529,888063.585682,-7500.000000
1129857.607508,885084.111453,-7500.000000
1136080.825573,878217.337582,-7500.000000
1145444.188376,884114.413045,-7600.000000
1144030.453162,885161.120848,-7600.000000
1142371.399272,886141.344244,-7600.000000
1140814.383707,886891.018405,-7600.000000
1138603.806053,887852.139124,-7600.000000
1135143.771464,889870.492634,-7600.000000
1131126.286858,892484.740990,-7600.000000
1129896.052337,893022.968593,-7600.000000
1129069.488519,892869.189278,-7600.000000
1128319.814358,890889.280596,-7600.000000
1128858.041960,887986.696024,-7600.000000
1131414.623073,883700.097617,-7600.000000
1134514.604171,880194.883767,-7600.000000
1136588.627490,878054.115537,-7600.000000
1145253.877867,883828.947280,-7700.000000
1143527.489672,885079.559201,-7700.000000
1142059.380026,886003.924533,-7700.000000
1140835.955322,886466.107200,-7700.000000
1139449.592286,887044.797720,-7700.000000
1137854.131892,887679.137394,-7700.000000
1136354.783570,888544.146042,-7700.000000
1134816.990419,889428.377103,-7700.000000
1132856.304152,890581.721966,-7700.000000
1130395.835111,892023.403045,-7700.000000
1129703.828193,891504.397857,-7700.000000
1129261.712662,890254.940922,-7700.000000
1129588.493707,887871.361538,-7700.000000
1132971.638638,882565.975168,-7700.000000
1136987.614710,877909.029275,-7700.000000
1145022.786533,883543.481516,-7800.000000
1144112.014809,884263.942731,-7800.000000
1142657.498771,885297.056926,-7800.000000
1141570.010144,885867.988455,-7800.000000
1140156.274930,886248.609474,-7800.000000
1136124.114597,888025.140853,-7800.000000
1131107.064443,890389.497822,-7800.000000
1130684.171327,890158.828850,-7800.000000
1130472.724769,889543.711590,-7800.000000
1130588.059255,888332.699483,-7800.000000
1131376.178245,886218.233901,-7800.000000
1132471.855864,884545.883850,-7800.000000
1133490.643827,882815.866555,-7800.000000
1134836.212834,881028.182018,-7800.000000
1136552.355924,879359.891895,-7800.000000
1137477.280845,877655.128316,-7800.000000
1144669.352730,883013.330811,-8000.000000
1143405.147202,883978.476967,-8000.000000
1142005.005595,884821.280652,-8000.000000
1139776.373330,885449.337326,-8000.000000
1136681.564614,886487.347703,-8000.000000
1134624.766275,886987.130477,-8000.000000
1134067.316258,886448.902874,-8000.000000
1134144.205916,885507.004569,-8000.000000
1134509.431789,884046.101076,-8000.000000
1135835.778382,881950.857908,-8000.000000
1136933.207362,879885.829595,-8000.000000
1138384.069983,877292.412661,-8000.000000
1144261.544495,882469.586497,-8200.000000
1143255.617515,883067.705242,-8200.000000
1141923.443948,883774.572849,-8200.000000
1140632.051204,884128.006653,-8200.000000
1138526.916395,884699.663165,-8200.000000
1137162.124974,884757.330408,-8200.000000
1136662.342200,884046.101076,-8200.000000
1136835.343929,883046.535528,-8200.000000
1137736.612736,880077.111519,-8200.000000
1138093.897459,878870.225761,-8200.000000
1139417.809600,876730.203396,-8200.000000
1144057.640377,882184.120733,-8300.000000
1143377.959986,882619.116183,-8300.000000
1141964.224771,883271.609359,-8300.000000
1140141.599203,883738.542446,-8300.000000
1138584.583638,883892.321761,-8300.000000
1137988.688792,883719.320031,-8300.000000
1137854.131892,883354.094158,-8300.000000
1137969.466378,882200.749295,-8300.000000
1138348.325088,880403.358107,-8300.000000
1138420.341548,879033.447806,-8300.000000
1139581.031645,876929.697006,-8300.000000
1155023.234981,861037.779655,-8000.000000
1152913.588514,861881.638242,-8000.000000
1151034.085298,862591.246599,-8000.000000
1149729.940210,863339.212164,-8000.000000
1147044.935616,864662.535857,-8000.000000
1146124.362612,865410.501423,-8000.000000
1144858.574732,866599.574886,-8000.000000
1142787.285473,868018.791600,-8000.000000
1140888.603653,869629.794357,-8000.000000
1140025.566462,870492.831548,-8000.000000
1138663.885561,872027.119887,-8000.000000
1137129.597221,873503.872414,-8000.000000
1154491.439176,860438.426665,-7500.000000
1151632.171729,861551.430101,-7500.000000
1149233.457427,862856.330681,-7500.000000
1147410.434558,863662.298687,-7500.000000
1146028.775120,864660.163836,-7500.000000
1144647.115682,865811.546701,-7500.000000
1143418.973960,866905.360423,-7500.000000
1141711.089377,868171.881574,-7500.000000
1140770.793371,869092.987866,-7500.000000
1139619.410506,870148.422158,-7500.000000
1138141.802496,871741.168455,-7500.000000
1137546.921350,872220.911315,-7500.000000
1136645.004772,873007.689606,-7500.000000
1153685.471171,859632.458660,-7000.000000
1151843.258587,860457.616380,-7000.000000
1151728.120301,860515.185523,-7000.000000
1149271.836856,861858.465532,-7000.000000
