1148447.247761,861843.485491,-4000.000000
1147667.564495,862388.240299,-4000.000000
1148280.600192,863394.502239,-4000.000000
1148447.247761,863452.346817,-4000.000000
1148564.894815,863394.502239,-4000.000000
1149453.867910,863049.460564,-4000.000000
1149772.531043,862388.240299,-4000.000000
1149453.867910,861829.201386,-4000.000000
1148447.247761,861843.485491,-4000.000000
1147206.895586,868838.932544,-4000.000000
1147440.627612,869345.291832,-4000.000000
1147485.779550,869432.073881,-4000.000000
1147953.880394,870438.335821,-4000.000000
1147461.916431,871444.597761,-4000.000000
1147440.627612,871459.072358,-4000.000000
1146841.114720,872450.859701,-4000.000000
1146434.007463,872784.331350,-4000.000000
1145427.387313,873294.662162,-4000.000000
1144924.077239,873282.921845,-4000.000000
1144420.767164,873277.762042,-4000.000000
1144157.952175,872989.209988,-4000.000000
1146434.007463,861058.901624,-3800.000000
1145780.560031,861381.978358,-3800.000000
1145442.451385,862388.240299,-3800.000000
1145672.231179,863394.502239,-3800.000000
1146262.764997,864400.764179,-3800.000000
1146434.007463,864605.077452,-3800.000000
1147440.627612,865384.994640,-3800.000000
1147531.593778,865407.026119,-3800.000000
1148447.247761,865656.624417,-3800.000000
1148909.402380,865407.026119,-3800.000000
1149269.107123,864400.764179,-3800.000000
1149453.867910,864289.596487,-3800.000000
1149825.033292,863897.633209,-3800.000000
1149957.177985,863550.565438,-3800.000000
1149995.122282,863394.502239,-3800.000000
1150373.478587,862388.240299,-3800.000000
1149935.600137,861381.978358,-3800.000000
1149453.867910,860932.059025,-3800.000000
1148447.247761,860738.568423,-3800.000000
1147440.627612,860809.743159,-3800.000000
1146434.007463,861058.901624,-3800.000000
1144025.214732,873211.289941,-3800.000000
1144234.837373,873457.121642,-3800.000000
1144420.767164,873784.253641,-3800.000000
1145322.278246,874463.383582,-3800.000000
1145221.520074,875469.645522,-3800.000000
1145427.387313,875660.072921,-3800.000000
1145615.970220,875469.645522,-3800.000000
1146197.903418,874463.383582,-3800.000000
1146434.007463,874392.964454,-3800.000000
1147440.627612,873996.354732,-3800.000000
1148447.247761,873516.681261,-3800.000000
1149094.812471,873457.121642,-3800.000000
1149453.867910,873411.200551,-3800.000000
1150460.488060,872828.335559,-3800.000000
1151422.493130,872450.859701,-3800.000000
1151467.108209,872431.319611,-3800.000000
1152473.728358,871970.842842,-3800.000000
1153480.348507,871763.089300,-3800.000000
1154098.501208,871444.597761,-3800.000000
1154486.968657,870856.183197,-3800.000000
1154758.940032,870438.335821,-3800.000000
1155246.711005,869432.073881,-3800.000000
1154486.968657,869220.971341,-3800.000000
1153805.694387,868425.811940,-3800.000000
1153480.348507,868232.272578,-3800.000000
1152473.728358,867732.371688,-3800.000000
1151467.108209,867670.882690,-3800.000000
1151107.692948,867419.550000,-3800.000000
1150526.379174,866413.288060,-3800.000000
1150460.488060,866354.198442,-3800.000000
1149957.177985,866195.058632,-3800.000000
1149608.154908,865910.157090,-3800.000000
1149522.167756,865634.027447,-3800.000000
1150460.488060,868194.923352,-3800.000000
1150005.683004,868425.811940,-3800.000000
1150460.488060,868963.786458,-3800.000000
1150612.966824,868425.811940,-3800.000000
1150460.488060,868194.923352,-3800.000000
1143687.312388,854552.065687,-3600.000000
1143777.309845,855344.406716,-3600.000000
1144420.767164,856347.385198,-3600.000000
1144422.456804,856350.668657,-3600.000000
1145197.641382,857356.930597,-3600.000000
1145427.387313,857579.835921,-3600.000000
1146053.054828,858363.192537,-3600.000000
1146434.007463,858716.276448,-3600.000000
1147283.034299,859369.454478,-3600.000000
1147440.627612,859438.205545,-3600.000000
1148447.247761,859787.753854,-3600.000000
1149453.867910,860144.932993,-3600.000000
1149780.999810,860375.716418,-3600.000000
1150460.488060,860995.762615,-3600.000000
1150683.704464,861381.978358,-3600.000000
1150912.708215,862388.240299,-3600.000000
1150889.278543,862891.371269,-3600.000000
1150844.302337,863394.502239,-3600.000000
1150772.572304,863892.497401,-3600.000000
1147760.170590,867902.274035,-3600.000000
1147440.627612,867591.871830,-3600.000000
1147314.644231,867419.550000,-3600.000000
1146434.007463,866768.928634,-3600.000000
1146100.375260,866413.288060,-3600.000000
1145427.387313,865709.329445,-3600.000000
1145158.085893,865407.026119,-3600.000000
1144420.767164,864519.777357,-3600.000000
1144310.871016,864400.764179,-3600.000000
1143466.833259,863394.502239,-3600.000000
1143414.147015,863321.850013,-3600.000000
1142664.923460,862388.240299,-3600.000000
1142407.526866,862011.195754,-3600.000000
1141961.849686,861381.978358,-3600.000000
1141400.906716,860454.446597,-3600.000000
1141347.513934,860375.716418,-3600.000000
1140651.779378,859509.637839,-3600.000000
1143893.938956,873430.924414,-3600.000000
1143976.560727,873457.121642,-3600.000000
1144229.749242,873960.252612,-3600.000000
1144420.767164,874238.675470,-3600.000000
1144719.055962,874463.383582,-3600.000000
1144420.767164,874923.312011,-3600.000000
1143612.805314,875469.645522,-3600.000000
1143458.270480,876475.907463,-3600.000000
1144420.767164,877277.705033,-3600.000000
1145427.387313,877112.390738,-3600.000000
1146278.048163,876475.907463,-3600.000000
1146434.007463,876318.618744,-3600.000000
1147440.627612,875642.358065,-3600.000000
1147692.329097,875469.645522,-3600.000000
1148447.247761,874820.582040,-3600.000000
1149229.716841,874463.383582,-3600.000000
1149453.867910,874384.360447,-3600.000000
1150460.488060,874050.523854,-3600.000000
1151467.108209,873710.808320,-3600.000000
1152075.364809,873457.121642,-3600.000000
1152473.728358,873297.704045,-3600.000000
1153480.348507,873417.090789,-3600.000000
1153555.662452,873457.121642,-3600.000000
1154486.968657,873894.389799,-3600.000000
1155493.588806,874067.216088,-3600.000000
1156272.850432,874463.383582,-3600.000000
1156500.208955,874603.832690,-3600.000000
1157506.829104,874522.395869,-3600.000000
1157551.165182,874463.383582,-3600.000000
1157650.972861,873457.121642,-3600.000000
1157767.648130,872450.859701,-3600.000000
1157506.829104,871799.906021,-3600.000000
1156711.097853,872450.859701,-3600.000000
1156885.445468,873457.121642,-3600.000000
1156500.208955,873750.290985,-3600.000000
1156427.468926,873457.121642,-3600.000000
1156429.213090,872450.859701,-3600.000000
1156500.208955,871968.978383,-3600.000000
1156848.206019,871444.597761,-3600.000000
1157506.829104,871151.332648,-3600.000000
1157935.491027,871444.597761,-3600.000000
1158513.449254,871650.566806,-3600.000000
1158662.381045,871444.597761,-3600.000000
1158754.060225,870438.335821,-3600.000000
1158869.407732,869432.073881,-3600.000000
1159062.237305,868425.811940,-3600.000000
1159520.069403,867682.311407,-3600.000000
1159597.799737,867419.550000,-3600.000000
1159871.335292,866413.288060,-3600.000000
1159520.069403,865885.789376,-3600.000000
1158513.449254,866098.626030,-3600.000000
1157506.829104,866121.599506,-3600.000000
1156500.208955,866072.500999,-3600.000000
1155493.588806,866134.709751,-3600.000000
1154486.968657,866022.370122,-3600.000000
1153480.348507,865644.485099,-3600.000000
1152581.504597,865407.026119,-3600.000000
1152473.728358,865373.177320,-3600.000000
1151467.108209,865147.604184,-3600.000000
1150963.798134,864907.898633,-3600.000000
1150954.233227,864903.895149,-3600.000000
1150460.488060,864717.808570,-3600.000000
1150329.768590,864598.541985,-3600.000000
1145406.771987,851743.878460,-3400.000000
1145354.087939,852325.620896,-3400.000000
1145395.928940,853331.882836,-3400.000000
1145427.387313,853492.397182,-3400.000000
1145570.493605,854338.144776,-3400.000000
1145915.661366,855344.406716,-3400.000000
1146434.007463,856251.533421,-3400.000000
1146483.178691,856350.668657,-3400.000000
1147111.337405,857356.930597,-3400.000000
1147440.627612,857759.853717,-3400.000000
1147954.505932,858363.192537,-3400.000000
1148447.247761,858721.810868,-3400.000000
1149453.867910,859339.584011,-3400.000000
1149495.073666,859369.454478,-3400.000000
1150460.488060,860026.265283,-3400.000000
1150778.343750,860375.716418,-3400.000000
1151282.743016,861381.978358,-3400.000000
1151441.489029,862388.240299,-3400.000000
1151467.108209,862500.345656,-3400.000000
1151643.368245,862969.243873,-3400.000000
1139411.385329,861535.424735,-3400.000000
1140392.120075,862388.240299,-3400.000000
1140394.286567,862390.185388,-3400.000000
1141374.496859,863394.502239,-3400.000000
1141400.906716,863418.374865,-3400.000000
1142389.077647,864400.764179,-3400.000000
1142407.526866,864417.545903,-3400.000000
1143414.147015,865400.104020,-3400.000000
1143420.592690,865407.026119,-3400.000000
1144390.250165,866413.288060,-3400.000000
1144420.767164,866446.608255,-3400.000000
1145267.440739,867419.550000,-3400.000000
1145427.387313,867655.295866,-3400.000000
1146003.979620,868425.811940,-3400.000000
1146207.761414,869432.073881,-3400.000000
1146225.336841,869831.779319,-3400.000000
1142369.673978,877491.460336,-3400.000000
1142407.526866,877544.039436,-3400.000000
1143163.222247,878488.431343,-3400.000000
1143258.951584,879494.693284,-3400.000000
1143217.117562,880500.955224,-3400.000000
1143414.147015,880774.648236,-3400.000000
1143617.051295,880500.955224,-3400.000000
1143748.872327,879494.693284,-3400.000000
1144420.767164,878744.939682,-3400.000000
1144635.803527,878488.431343,-3400.000000
1145427.387313,878112.006582,-3400.000000
1146434.007463,877519.632302,-3400.000000
1146476.272117,877482.169403,-3400.000000
1147440.627612,876634.317286,-3400.000000
1147647.830585,876475.907463,-3400.000000
1148447.247761,875919.356286,-3400.000000
1149375.351828,875469.645522,-3400.000000
1149453.867910,875427.583587,-3400.000000
1150460.488060,875179.371454,-3400.000000
1151467.108209,875239.244420,-3400.000000
1152455.065958,874463.383582,-3400.000000
1152473.728358,874454.406219,-3400.000000
1152500.982400,874463.383582,-3400.000000
1153480.348507,875195.167514,-3400.000000
1154486.968657,875369.389563,-3400.000000
1155493.588806,875230.169124,-3400.000000
1155814.665702,875469.645522,-3400.000000
1156500.208955,875959.796510,-3400.000000
1157506.829104,875917.672942,-3400.000000
1158122.677824,875469.645522,-3400.000000
1158513.449254,874980.236527,-3400.000000
1158865.256016,874463.383582,-3400.000000
1159520.069403,873525.172231,-3400.000000
1159555.678106,873457.121642,-3400.000000
1159631.342895,872450.859701,-3400.000000
1159966.366736,871444.597761,-3400.000000
1160288.371253,870438.335821,-3400.000000
1160473.256098,869432.073881,-3400.000000
1160526.689552,869113.978427,-3400.000000
1160726.315523,868425.811940,-3400.000000
1161279.387707,867419.550000,-3400.000000
1161533.309701,867172.244953,-3400.000000
1162222.683845,866413.288060,-3400.000000
1162145.011557,865407.026119,-3400.000000
1161751.273846,864400.764179,-3400.000000
1161533.309701,864200.558835,-3400.000000
1160526.689552,864169.951765,-3400.000000
1159854.338949,864400.764179,-3400.000000
1159520.069403,864493.012356,-3400.000000
1158513.449254,864639.576332,-3400.000000
1157749.440095,864400.764179,-3400.000000
1157506.829104,864291.920095,-3400.000000
1156500.208955,864237.127040,-3400.000000
1155493.588806,864388.360354,-3400.000000
1154486.968657,864133.841592,-3400.000000
1154161.617480,863394.502239,-3400.000000
1153480.348507,862971.323063,-3400.000000
1152473.728358,863161.961992,-3400.000000
1151970.418284,863193.587388,-3400.000000
1151584.120900,863235.115561,-3400.000000
1143768.326140,873641.084317,-3400.000000
1143917.457090,873959.153432,-3400.000000
1143917.983484,873960.252612,-3400.000000
1144222.003140,874463.383582,-3400.000000
1143414.147015,875173.808665,-3400.000000
1143027.190546,875469.645522,-3400.000000
1142901.712165,875661.768035,-3400.000000
1152109.994919,862474.507159,-3200.000000
1152093.566849,862388.240299,-3200.000000
1151995.488921,861885.109328,-3200.000000
1151970.418284,861759.352492,-3200.000000
1151897.636383,861381.978358,-3200.000000
1151558.432850,860375.716418,-3200.000000
1151467.108209,860228.087798,-3200.000000
1150707.593754,859369.454478,-3200.000000
1150460.488060,859155.876551,-3200.000000
1149453.867910,858412.834387,-3200.000000
1149381.140847,858363.192537,-3200.000000
1148447.247761,857399.263327,-3200.000000
1148409.836594,857356.930597,-3200.000000
1147736.542014,856350.668657,-3200.000000
1147440.627612,855760.645269,-3200.000000
1147212.218868,855344.406716,-3200.000000
1146830.512344,854338.144776,-3200.000000
1146635.582695,853331.882836,-3200.000000
1146591.044843,852325.620896,-3200.000000
1146676.614770,851319.358955,-3200.000000
1146895.024955,850313.097015,-3200.000000
1147289.549152,849306.835075,-3200.000000
1147440.627612,849055.590728,-3200.000000
1147851.031046,848300.573134,-3200.000000
1148414.761613,847294.311194,-3200.000000
1148447.247761,847241.434491,-3200.000000
1149026.574166,846288.049254,-3200.000000
1149214.116235,845935.232640,-3200.000000
1164553.170149,861187.088709,-3200.000000
1164286.777580,861381.978358,-3200.000000
1164553.170149,861738.711122,-3200.000000
1165559.790299,861764.245781,-3200.000000
1165988.625467,861381.978358,-3200.000000
1165559.790299,861042.650387,-3200.000000
1164553.170149,861187.088709,-3200.000000
1141976.064935,878845.091437,-3200.000000
1142308.336312,879494.693284,-3200.000000
1142328.374173,879997.824254,-3200.000000
1142340.080377,880500.955224,-3200.000000
1142156.040621,881507.217164,-3200.000000
1142407.526866,882270.278127,-3200.000000
1143414.147015,882376.675628,-3200.000000
1143899.146597,881507.217164,-3200.000000
1144420.767164,880762.096921,-3200.000000
1144626.833933,880500.955224,-3200.000000
1145427.387313,879549.299495,-3200.000000
1145470.028023,879494.693284,-3200.000000
1146434.007463,878577.253975,-3200.000000
1146543.865648,878488.431343,-3200.000000
1147440.627612,877707.326765,-3200.000000
1147769.094627,877482.169403,-3200.000000
1148447.247761,876995.417402,-3200.000000
1149453.867910,876502.859078,-3200.000000
1149581.895504,876475.907463,-3200.000000
1150460.488060,876354.731159,-3200.000000
1150670.788727,876475.907463,-3200.000000
1151467.108209,877006.801457,-3200.000000
1152473.728358,877238.221458,-3200.000000
1153480.348507,876844.201745,-3200.000000
1154486.968657,876495.726201,-3200.000000
1155493.588806,876674.171731,-3200.000000
1156500.208955,877154.287793,-3200.000000
1157506.829104,876998.800106,-3200.000000
1157970.799008,876475.907463,-3200.000000
1158513.449254,876090.630394,-3200.000000
1159135.216357,875469.645522,-3200.000000
1159520.069403,874927.315638,-3200.000000
1159824.046712,874463.383582,-3200.000000
1160318.026959,873457.121642,-3200.000000
1160500.627545,872450.859701,-3200.000000
1160526.689552,872392.792060,-3200.000000
1160979.019057,871444.597761,-3200.000000
1161533.309701,870521.978083,-3200.000000
1161672.747241,870438.335821,-3200.000000
1162539.929851,869820.670315,-3200.000000
1163059.295981,869432.073881,-3200.000000
1163546.550000,868949.358292,-3200.000000
1164002.905033,868425.811940,-3200.000000
1164112.117499,867419.550000,-3200.000000
1164498.033530,866413.288060,-3200.000000
1164553.170149,866329.669520,-3200.000000
1164590.244875,866413.288060,-3200.000000
1165524.441881,867419.550000,-3200.000000
1165559.790299,867430.443943,-3200.000000
1166566.410448,867700.023521,-3200.000000
1167573.030597,867834.459909,-3200.000000
1168114.104765,867419.550000,-3200.000000
1168449.989564,866413.288060,-3200.000000
1168492.574887,865407.026119,-3200.000000
1167573.030597,864671.186322,-3200.000000
1167036.550586,864400.764179,-3200.000000
1166566.410448,863937.916771,-3200.000000
1165559.790299,864061.716934,-3200.000000
1164553.170149,864025.800407,-3200.000000
1163546.550000,863479.558112,-3200.000000
1163506.881121,863394.502239,-3200.000000
1163546.550000,863034.744422,-3200.000000
1163670.417496,862388.240299,-3200.000000
1163546.550000,862303.509579,-3200.000000
1162539.929851,862134.256487,-3200.000000
1162123.486675,862388.240299,-3200.000000
1161533.309701,862817.099476,-3200.000000
1160526.689552,862945.538252,-3200.000000
1159520.069403,862560.487232,-3200.000000
1158891.420014,862388.240299,-3200.000000
1158513.449254,862342.027422,-3200.000000
1157506.829104,862307.667250,-3200.000000
1156834.664058,862388.240299,-3200.000000
1156500.208955,862448.567921,-3200.000000
1155493.588806,862577.803179,-3200.000000
1154533.702148,862388.240299,-3200.000000
1154486.968657,862382.277224,-3200.000000
1153480.348507,862115.933650,-3200.000000
1152977.038433,862069.865896,-3200.000000
1152701.707578,862020.347433,-3200.000000
1138544.637078,862950.980744,-3200.000000
1139180.065768,863394.502239,-3200.000000
1139387.666418,863537.986065,-3200.000000
1140394.286567,864336.406633,-3200.000000
1140465.133734,864400.764179,-3200.000000
1141400.906716,865174.077303,-3200.000000
1141655.686353,865407.026119,-3200.000000
1142407.526866,866063.146518,-3200.000000
1142776.637179,866413.288060,-3200.000000
1143414.147015,867034.965521,-3200.000000
1143768.984743,867419.550000,-3200.000000
1144420.767164,868280.287813,-3200.000000
1144523.905043,868425.811940,-3200.000000
1144922.765055,869432.073881,-3200.000000
1145139.696794,870438.335821,-3200.000000
1145233.550483,871078.596455,-3200.000000
1143642.621310,873851.398166,-3200.000000
1143828.806284,874463.383582,-3200.000000
1143414.147015,874828.033099,-3200.000000
1143087.246898,875023.709564,-3200.000000
1149857.007681,846419.192487,-3000.000000
1149453.867910,847173.492360,-3000.000000
1149384.358381,847294.311194,-3000.000000
1148803.704630,848300.573134,-3000.000000
1148447.247761,849040.062802,-3000.000000
1148306.240906,849306.835075,-3000.000000
1147914.355831,850313.097015,-3000.000000
1147677.009531,851319.358955,-3000.000000
1147580.491169,852325.620896,-3000.000000
1147627.116085,853331.882836,-3000.000000
1147836.905782,854338.144776,-3000.000000
1148231.464347,855344.406716,-3000.000000
1148447.247761,855738.681436,-3000.000000
1148770.821524,856350.668657,-3000.000000
1149453.867910,857296.913936,-3000.000000
1149500.128396,857356.930597,-3000.000000
1150460.488060,858274.954994,-3000.000000
1150558.505621,858363.192537,-3000.000000
1151467.108209,859141.752007,-3000.000000
1151695.052225,859369.454478,-3000.000000
1152264.228015,860375.716418,-3000.000000
1152473.728358,861181.781266,-3000.000000
1152531.014231,861381.978358,-3000.000000
1152651.335668,861805.695970,-3000.000000
1153201.603502,861173.968798,-3000.000000
1153480.348507,861249.942508,-3000.000000
1153983.658582,861311.808521,-3000.000000
1154548.346110,861381.978358,-3000.000000
1155493.588806,861425.087794,-3000.000000
1155947.600674,861381.978358,-3000.000000
1156500.208955,861335.441067,-3000.000000
1157506.829104,861230.107018,-3000.000000
1158513.449254,861039.696970,-3000.000000
1159520.069403,861265.105216,-3000.000000
1159764.217580,861381.978358,-3000.000000
1160526.689552,861761.265958,-3000.000000
1161533.309701,861622.149968,-3000.000000
1161977.888029,861381.978358,-3000.000000
1162539.929851,860802.981203,-3000.000000
1163305.115553,860375.716418,-3000.000000
1163546.550000,860269.952933,-3000.000000
1164288.699080,859369.454478,-3000.000000
1163546.550000,858707.665271,-3000.000000
1163332.888159,858363.192537,-3000.000000
1163546.550000,857595.768395,-3000.000000
1163618.909450,857356.930597,-3000.000000
1163916.721518,857127.670442,-3000.000000
1144324.006470,872432.781925,-3000.000000
1144341.664102,871947.728731,-3000.000000
1144349.492181,871444.597761,-3000.000000
1144160.158050,870438.335821,-3000.000000
1143826.607444,869432.073881,-3000.000000
1143414.147015,868716.239217,-3000.000000
1143205.937032,868425.811940,-3000.000000
1142407.526866,867558.392327,-3000.000000
1142255.157035,867419.550000,-3000.000000
1141400.906716,866669.130980,-3000.000000
1141067.716172,866413.288060,-3000.000000
1140394.286567,865881.763221,-3000.000000
1139679.856839,865407.026119,-3000.000000
1139387.666418,865198.232128,-3000.000000
1138381.046269,864595.506257,-3000.000000
1138024.113506,864400.764179,-3000.000000
1137754.145535,864241.995814,-3000.000000
1141592.133635,879818.523399,-3000.000000
1141832.119258,880500.955224,-3000.000000
1141690.403328,881507.217164,-3000.000000
1141671.361175,882513.479104,-3000.000000
1141673.871097,883519.741045,-3000.000000
1142407.526866,884467.056499,-3000.000000
1143414.147015,883700.486179,-3000.000000
1143591.702286,883519.741045,-3000.000000
1144297.351798,882513.479104,-3000.000000
1144420.767164,882315.685094,-3000.000000
1145109.896213,881507.217164,-3000.000000
1145427.387313,881101.525988,-3000.000000
1145956.589189,880500.955224,-3000.000000
1146434.007463,879843.295661,-3000.000000
1146866.437813,879494.693284,-3000.000000
1147440.627612,879093.039991,-3000.000000
1147890.819294,878488.431343,-3000.000000
1148447.247761,878073.639321,-3000.000000
1149453.867910,878182.919708,-3000.000000
1150460.488060,878165.533458,-3000.000000
1151467.108209,878073.496732,-3000.000000
1152473.728358,877987.014852,-3000.000000
1153480.348507,877882.530482,-3000.000000
1154486.968657,877816.442873,-3000.000000
1155493.588806,878103.312748,-3000.000000
1156500.208955,878447.547779,-3000.000000
1156790.265474,878488.431343,-3000.000000
1157506.829104,878541.931093,-3000.000000
1157561.925650,878488.431343,-3000.000000
1158162.561248,877482.169403,-3000.000000
1158513.449254,877098.827580,-3000.000000
1159074.953658,876475.907463,-3000.000000
1159520.069403,876031.368494,-3000.000000
1160076.675992,875469.645522,-3000.000000
1160526.689552,874737.877344,-3000.000000
1160671.592730,874463.383582,-3000.000000
1161096.332202,873457.121642,-3000.000000
1161384.927367,872450.859701,-3000.000000
1161533.309701,872153.640038,-3000.000000
1162532.960963,871444.597761,-3000.000000
1162539.929851,871440.374493,-3000.000000
1163546.550000,870792.093304,-3000.000000
1164553.170149,870503.492487,-3000.000000
1164705.454923,870438.335821,-3000.000000
1165559.790299,870181.165409,-3000.000000
1166566.410448,869457.858372,-3000.000000
1166604.032991,869432.073881,-3000.000000
1167573.030597,868771.444236,-3000.000000
1168579.650746,868763.896531,-3000.000000
1169335.809610,868425.811940,-3000.000000
1169586.270896,868174.226262,-3000.000000
1170592.891045,867552.557956,-3000.000000
1170743.764320,867419.550000,-3000.000000
1171559.227301,866413.288060,-3000.000000
1171599.511194,866302.744821,-3000.000000
1171929.521376,865407.026119,-3000.000000
1172134.549689,864519.864921,-3000.000000
1143459.181043,874158.307844,-3000.000000
1143414.147015,874482.257533,-3000.000000
1143209.149584,874604.483252,-3000.000000
1153245.025840,860814.172177,-2800.000000
1153131.010409,860375.716418,-2800.000000
1152621.389730,859369.454478,-2800.000000
1152473.728358,859208.963648,-2800.000000
1151626.984344,858363.192537,-2800.000000
1151467.108209,858223.912749,-2800.000000
1150510.839870,857356.930597,-2800.000000
1150460.488060,857301.102380,-2800.000000
1149700.519416,856350.668657,-2800.000000
1149453.867910,855929.111492,-2800.000000
1149120.149555,855344.406716,-2800.000000
1148712.500456,854338.144776,-2800.000000
1148489.369355,853331.882836,-2800.000000
1148447.247761,852478.943703,-2800.000000
1148438.829526,852325.620896,-2800.000000
1148447.247761,852252.638915,-2800.000000
1148545.388277,851319.358955,-2800.000000
1148797.218329,850313.097015,-2800.000000
1149192.167513,849306.835075,-2800.000000
1149453.867910,848794.967368,-2800.000000
1149692.960172,848300.573134,-2800.000000
1150226.156370,847294.311194,-2800.000000
1150460.488060,846884.018716,-2800.000000
1150467.642225,846878.869782,-2800.000000
1153607.603584,860445.014106,-2800.000000
1153983.658582,860451.354032,-2800.000000
1154486.968657,860477.483085,-2800.000000
1155493.588806,860439.358906,-2800.000000
1156324.533043,860375.716418,-2800.000000
1156500.208955,860361.471209,-2800.000000
1157506.829104,860286.578364,-2800.000000
1158513.449254,859911.639287,-2800.000000
1159520.069403,859822.938519,-2800.000000
1160526.689552,859811.854232,-2800.000000
1161533.309701,859564.352429,-2800.000000
1161833.002170,859369.454478,-2800.000000
1162430.218449,858363.192537,-2800.000000
1162442.740662,857356.930597,-2800.000000
1162539.929851,857240.394442,-2800.000000
1163017.423837,856351.724663,-2800.000000
1143466.218398,873867.116079,-2800.000000
1143427.075540,873457.121642,-2800.000000
1143467.180221,872953.990672,-2800.000000
1143518.035724,872450.859701,-2800.000000
1143518.932642,871947.728731,-2800.000000
1143519.844639,871444.597761,-2800.000000
1143414.147015,871029.904040,-2800.000000
1143243.780920,870438.335821,-2800.000000
1142701.685729,869432.073881,-2800.000000
1142407.526866,869045.253294,-2800.000000
1141788.642095,868425.811940,-2800.000000
1141400.906716,868070.382670,-2800.000000
1140540.641622,867419.550000,-2800.000000
1140394.286567,867306.851038,-2800.000000
1139387.666418,866671.586063,-2800.000000
1138861.783830,866413.288060,-2800.000000
1138381.046269,866162.924607,-2800.000000
1137374.426119,865751.354957,-2800.000000
1136945.755709,865562.242003,-2800.000000
1141316.005004,880506.239987,-2800.000000
1141180.900404,881507.217164,-2800.000000
1140988.347925,882010.348134,-2800.000000
1140681.254255,882513.479104,-2800.000000
1140445.328292,883016.610075,-2800.000000
1140394.286567,883103.671675,-2800.000000
1140156.732442,883519.741045,-2800.000000
1139775.090181,884526.002985,-2800.000000
1139564.800932,885532.264925,-2800.000000
1140394.286567,886034.080956,-2800.000000
1141400.906716,885946.984079,-2800.000000
1142407.526866,885551.521144,-2800.000000
1142424.250304,885532.264925,-2800.000000
1143414.147015,884620.214524,-2800.000000
1143547.707955,884526.002985,-2800.000000
1144420.767164,883639.104637,-2800.000000
1144535.363336,883519.741045,-2800.000000
1145369.173526,882513.479104,-2800.000000
1145427.387313,882447.009402,-2800.000000
1146434.007463,881662.402196,-2800.000000
1146735.190924,881507.217164,-2800.000000
1147440.627612,880925.479853,-2800.000000
1148447.247761,880970.185894,-2800.000000
1149453.867910,880740.593358,-2800.000000
1149742.001340,880500.955224,-2800.000000
1150460.488060,879598.821166,-2800.000000
1150720.095472,879494.693284,-2800.000000
1151467.108209,879279.210648,-2800.000000
1152473.728358,879094.233944,-2800.000000
1153480.348507,879051.046333,-2800.000000
1154486.968657,879140.242857,-2800.000000
1155493.588806,879300.468659,-2800.000000
1156500.208955,879428.838675,-2800.000000
1157506.829104,879218.215459,-2800.000000
1158258.394937,878488.431343,-2800.000000
1158513.449254,878122.684878,-2800.000000
1159170.702591,877482.169403,-2800.000000
1159520.069403,877091.858117,-2800.000000
1160124.292428,876475.907463,-2800.000000
1160526.689552,876069.119704,-2800.000000
1160970.616838,875469.645522,-2800.000000
1161489.993299,874463.383582,-2800.000000
1161533.309701,874355.958944,-2800.000000
1161975.253165,873457.121642,-2800.000000
1162539.929851,872684.172020,-2800.000000
1162920.089261,872450.859701,-2800.000000
1163546.550000,872142.429278,-2800.000000
1164553.170149,871900.321118,-2800.000000
1165015.457917,871444.597761,-2800.000000
1165559.790299,871056.391172,-2800.000000
1166566.410448,870585.780253,-2800.000000
1166807.038866,870438.335821,-2800.000000
1167573.030597,869844.198080,-2800.000000
1168579.650746,869945.164527,-2800.000000
1169586.270896,869900.176901,-2800.000000
1170592.891045,870024.816641,-2800.000000
1171599.511194,869638.150103,-2800.000000
1172051.122025,869432.073881,-2800.000000
1172606.131343,869120.403508,-2800.000000
1173528.678698,868425.811940,-2800.000000
1173612.751493,868341.935836,-2800.000000
1174441.347865,867419.550000,-2800.000000
1174619.371642,867238.435918,-2800.000000
1174871.752118,866992.347486,-2800.000000
1166527.210654,873368.437941,-2800.000000
1166566.410448,873475.824484,-2800.000000
1166443.219425,874463.383582,-2800.000000
1166063.100373,875260.950346,-2800.000000
1165986.966673,875469.645522,-2800.000000
1165559.790299,876429.577312,-2800.000000
1141561.361045,879403.419954,-2800.000000
1141564.883723,878488.431343,-2800.000000
1141533.499469,877985.300373,-2800.000000
1141522.071893,877482.169403,-2800.000000
1141832.912810,876979.038433,-2800.000000
1142076.768437,876475.907463,-2800.000000
1142407.526866,876021.000572,-2800.000000
1142728.808623,875469.645522,-2800.000000
1142757.565819,875435.810189,-2800.000000
1153857.640858,859791.041940,-2600.000000
1153591.681766,859369.454478,-2600.000000
1153480.348507,859255.255938,-2600.000000
1152666.369008,858363.192537,-2600.000000
1152473.728358,858194.724228,-2600.000000
1151510.655865,857356.930597,-2600.000000
1151467.108209,857316.702057,-2600.000000
1150585.144358,856350.668657,-2600.000000
1150460.488060,856169.767721,-2600.000000
1149945.518124,855344.406716,-2600.000000
1149513.965415,854338.144776,-2600.000000
1149453.867910,854092.709695,-2600.000000
1149261.393715,853331.882836,-2600.000000
1149203.836227,852325.620896,-2600.000000
1149327.897610,851319.358955,-2600.000000
1149453.867910,850869.153654,-2600.000000
1149605.246092,850313.097015,-2600.000000
1150009.334830,849306.835075,-2600.000000
1150460.488060,848401.656053,-2600.000000
1150510.854297,848300.573134,-2600.000000
1151049.548734,847316.921006,-2600.000000
1154081.262922,859594.580294,-2600.000000
1154486.968657,859578.812197,-2600.000000
1155493.588806,859486.987899,-2600.000000
1156231.546692,859369.454478,-2600.000000
1156500.208955,859326.322995,-2600.000000
1157506.829104,859162.147101,-2600.000000
1158513.449254,858767.307254,-2600.000000
1159306.925575,858363.192537,-2600.000000
1159520.069403,858240.667241,-2600.000000
1160526.689552,857417.663425,-2600.000000
1160588.422442,857356.930597,-2600.000000
1161533.309701,856466.538650,-2600.000000
1161634.704916,856350.668657,-2600.000000
1162229.974068,855733.391582,-2600.000000
1176939.255727,868859.899030,-2600.000000
1176632.611940,869292.609580,-2600.000000
1176479.564860,869432.073881,-2600.000000
1175625.991791,869933.689167,-2600.000000
1174989.666560,870438.335821,-2600.000000
1174619.371642,870704.687467,-2600.000000
1173612.751493,871260.472053,-2600.000000
1172986.395312,871444.597761,-2600.000000
1172606.131343,871544.098782,-2600.000000
1171599.511194,872018.355625,-2600.000000
1170592.891045,872102.790428,-2600.000000
1169586.270896,871807.049717,-2600.000000
1169232.868259,871444.597761,-2600.000000
1168579.650746,871063.570653,-2600.000000
1167573.030597,870778.022478,-2600.000000
1167069.720522,871058.649025,-2600.000000
1166566.410448,871285.253219,-2600.000000
1166257.888681,871444.597761,-2600.000000
1165559.790299,872056.880334,-2600.000000
1165159.728140,872450.859701,-2600.000000
1164553.170149,872745.525425,-2600.000000
1163546.550000,873017.700669,-2600.000000
1162980.849639,873457.121642,-2600.000000
1162539.929851,874297.592278,-2600.000000
1162456.452112,874463.383582,-2600.000000
1161848.743608,875469.645522,-2600.000000
1161533.309701,876443.275341,-2600.000000
1161516.215768,876475.907463,-2600.000000
1160564.803984,877482.169403,-2600.000000
1160526.689552,877511.860997,-2600.000000
1159520.069403,878257.318626,-2600.000000
1159281.827247,878488.431343,-2600.000000
1158513.449254,878995.341285,-2600.000000
1157996.409149,879494.693284,-2600.000000
1157506.829104,879723.281180,-2600.000000
1156500.208955,879959.447772,-2600.000000
1155493.588806,880105.543447,-2600.000000
1154486.968657,880209.296512,-2600.000000
1153480.348507,880267.754127,-2600.000000
1152473.728358,880408.945659,-2600.000000
1152127.737624,880500.955224,-2600.000000
1151467.108209,880722.497343,-2600.000000
1150460.488060,881414.288089,-2600.000000
1150343.176314,881507.217164,-2600.000000
1149453.867910,881950.603261,-2600.000000
1148447.247761,882123.867001,-2600.000000
1147440.627612,882187.543089,-2600.000000
1146842.241867,882513.479104,-2600.000000
1146434.007463,882710.564806,-2600.000000
1145427.387313,883447.713097,-2600.000000
1145366.713653,883519.741045,-2600.000000
1144420.767164,884505.040724,-2600.000000
1144400.131998,884526.002985,-2600.000000
1143414.147015,885221.499458,-2600.000000
1143076.856758,885532.264925,-2600.000000
1142407.526866,886302.965471,-2600.000000
1141994.654092,886538.526866,-2600.000000
1141400.906716,886853.127125,-2600.000000
1140394.286567,887035.632719,-2600.000000
1139387.666418,886962.250902,-2600.000000
1138381.046269,886828.037334,-2600.000000
1137969.320381,886538.526866,-2600.000000
1137804.201716,885532.264925,-2600.000000
1138249.346144,884526.002985,-2600.000000
1138381.046269,884343.326685,-2600.000000
1138914.269443,883519.741045,-2600.000000
1139387.666418,882674.381760,-2600.000000
1139504.329323,882513.479104,-2600.000000
1139613.717858,881507.217164,-2600.000000
1139460.978529,880500.955224,-2600.000000
1139387.666418,880438.917832,-2600.000000
1138381.046269,879763.269469,-2600.000000
1137910.741428,879494.693284,-2600.000000
1137374.426119,879260.491683,-2600.000000
1136367.805970,878810.237121,-2600.000000
1135993.387396,878488.431343,-2600.000000
1135759.477288,877482.169403,-2600.000000
1136367.805970,877136.011813,-2600.000000
1137374.426119,876726.249030,-2600.000000
1138381.046269,876635.876456,-2600.000000
1139387.666418,876870.033266,-2600.000000
1140394.286567,876596.400721,-2600.000000
1140565.637281,876475.907463,-2600.000000
1141400.906716,875969.678385,-2600.000000
1141789.373844,875469.645522,-2600.000000
1142407.526866,874768.333457,-2600.000000
1142645.853389,874463.383582,-2600.000000
1142787.768553,873960.252612,-2600.000000
1142880.084230,873457.121642,-2600.000000
1142894.384889,872450.859701,-2600.000000
1142750.734583,871444.597761,-2600.000000
1142407.526866,870632.482284,-2600.000000
1142286.348262,870438.335821,-2600.000000
1141412.279239,869432.073881,-2600.000000
1141400.906716,869420.692725,-2600.000000
1140394.286567,868675.328884,-2600.000000
1139929.025637,868425.811940,-2600.000000
1139387.666418,868109.173982,-2600.000000
1138381.046269,867680.122164,-2600.000000
1137498.384261,867419.550000,-2600.000000
1137374.426119,867381.468143,-2600.000000
1136367.805970,867180.789384,-2600.000000
1136014.574151,867083.029207,-2600.000000
1166749.136856,872831.275655,-2600.000000
1167069.720522,873206.020009,-2600.000000
1167182.614727,873457.121642,-2600.000000
1166949.346302,874463.383582,-2600.000000
1166631.109386,874966.514552,-2600.000000
1166566.410448,875047.547808,-2600.000000
1166362.649339,875469.645522,-2600.000000
1166127.938786,875972.776493,-2600.000000
1154347.436564,858973.032617,-2400.000000
1153983.658582,858608.752022,-2400.000000
1153738.560107,858363.192537,-2400.000000
1153480.348507,858140.495053,-2400.000000
1152570.660995,857356.930597,-2400.000000
1152473.728358,857282.690470,-2400.000000
1151470.949501,856350.668657,-2400.000000
1151467.108209,856346.287845,-2400.000000
1150744.592101,855344.406716,-2400.000000
1150460.488060,854767.928598,-2400.000000
1150261.212328,854338.144776,-2400.000000
1149990.153720,853331.882836,-2400.000000
1149929.344434,852325.620896,-2400.000000
1150063.100059,851319.358955,-2400.000000
1150366.581840,850313.097015,-2400.000000
1150460.488060,850090.070298,-2400.000000
1150797.533153,849306.835075,-2400.000000
1151306.536470,848300.573134,-2400.000000
1151467.108209,848017.717350,-2400.000000
1151665.295527,847780.446732,-2400.000000
1154578.018919,858702.677481,-2400.000000
1154990.278731,858651.478153,-2400.000000
1155493.588806,858585.399494,-2400.000000
1156500.208955,858368.352481,-2400.000000
1156520.357928,858363.192537,-2400.000000
1157506.829104,858098.877818,-2400.000000
1158513.449254,857632.650005,-2400.000000
1158939.751419,857356.930597,-2400.000000
1159520.069403,856963.013618,-2400.000000
1160239.190522,856350.668657,-2400.000000
1160526.689552,856100.867662,-2400.000000
1161350.141488,855344.406716,-2400.000000
1161501.140076,855184.735368,-2400.000000
1136367.805970,869304.416892,-2400.000000
1135913.414328,869432.073881,-2400.000000
1135361.185821,869700.370469,-2400.000000
1134518.113694,870438.335821,-2400.000000
1134354.565672,870910.053889,-2400.000000
1134195.028729,871444.597761,-2400.000000
1134354.565672,872303.923036,-2400.000000
1134377.843792,872450.859701,-2400.000000
1134860.335328,873457.121642,-2400.000000
1135361.185821,874065.398765,-2400.000000
1135630.114239,874463.383582,-2400.000000
1136367.805970,875023.321829,-2400.000000
1137120.662989,875469.645522,-2400.000000
1137374.426119,875551.397212,-2400.000000
1138381.046269,875795.945599,-2400.000000
1139387.666418,875990.956143,-2400.000000
1140394.286567,875735.560269,-2400.000000
1140754.586294,875469.645522,-2400.000000
1141400.906716,874986.123448,-2400.000000
1141874.938177,874463.383582,-2400.000000
1142322.108533,873457.121642,-2400.000000
1142276.283649,872450.859701,-2400.000000
1141912.546248,871444.597761,-2400.000000
1141400.906716,870711.645963,-2400.000000
1141046.274209,870438.335821,-2400.000000
1140394.286567,869959.254913,-2400.000000
1139387.666418,869541.353568,-2400.000000
1138890.819337,869432.073881,-2400.000000
1138381.046269,869296.577057,-2400.000000
1137374.426119,869212.698299,-2400.000000
1136367.805970,869304.416892,-2400.000000
1166496.320303,875972.776493,-2400.000000
1166566.410448,875824.877739,-2400.000000
1166877.743762,875469.645522,-2400.000000
1167458.907636,874463.383582,-2400.000000
1167573.030597,874079.716946,-2400.000000
1167883.398107,873457.121642,-2400.000000
1167990.281335,872953.990672,-2400.000000
1168076.340672,872527.040858,-2400.000000
1168114.258196,872450.859701,-2400.000000
1168579.650746,872311.664826,-2400.000000
1168716.856280,872450.859701,-2400.000000
1169070.808274,873457.121642,-2400.000000
1169586.270896,873877.848325,-2400.000000
1170592.891045,873799.446461,-2400.000000
1171599.511194,874210.419796,-2400.000000
1171926.233001,874463.383582,-2400.000000
1172606.131343,874892.695738,-2400.000000
1173612.751493,874784.217818,-2400.000000
1174619.371642,874663.569847,-2400.000000
1175625.991791,874605.666129,-2400.000000
1175874.866876,874463.383582,-2400.000000
1176632.611940,873811.763140,-2400.000000
1176974.171221,873457.121642,-2400.000000
1177616.694612,872450.859701,-2400.000000
1177639.232090,872416.683322,-2400.000000
1178645.852239,871839.290149,-2400.000000
1179422.831778,871444.597761,-2400.000000
1179600.567249,871324.314410,-2400.000000
1128778.269489,879246.131183,-2400.000000
1129321.464925,879423.543035,-2400.000000
1129479.112265,879494.693284,-2400.000000
1130328.085075,879841.962451,-2400.000000
1131334.705224,880151.198075,-2400.000000
1132341.325373,880417.776919,-2400.000000
1132633.656599,880500.955224,-2400.000000
1133347.945522,880712.885373,-2400.000000
1134354.565672,880970.876166,-2400.000000
1135361.185821,881085.786069,-2400.000000
1136367.805970,881109.486721,-2400.000000
1137374.426119,881194.006101,-2400.000000
1137699.287527,881507.217164,-2400.000000
1138084.280426,882513.479104,-2400.000000
1137467.239208,883519.741045,-2400.000000
1137374.426119,883653.179348,-2400.000000
1136607.320053,884526.002985,-2400.000000
1136367.805970,885387.420502,-2400.000000
1136324.821008,885532.264925,-2400.000000
1136367.805970,885728.600104,-2400.000000
1136494.828637,886538.526866,-2400.000000
1137374.426119,887532.532611,-2400.000000
1137399.143130,887544.788806,-2400.000000
1138381.046269,887916.699030,-2400.000000
1139387.666418,887902.002163,-2400.000000
1140394.286567,887760.698185,-2400.000000
1141400.906716,887550.843368,-2400.000000
1141410.895844,887544.788806,-2400.000000
1142407.526866,886977.916565,-2400.000000
1142719.003092,886538.526866,-2400.000000
1143414.147015,885773.511391,-2400.000000
1143795.024525,885532.264925,-2400.000000
1144420.767164,885080.881375,-2400.000000
1145288.646466,884526.002985,-2400.000000
1145427.387313,884381.065401,-2400.000000
1146434.007463,883600.401432,-2400.000000
1146658.816990,883519.741045,-2400.000000
1147440.627612,883165.373931,-2400.000000
1148447.247761,883047.180008,-2400.000000
1149453.867910,882954.566572,-2400.000000
1150460.488060,882658.039864,-2400.000000
1150734.135697,882513.479104,-2400.000000
1151467.108209,882104.729363,-2400.000000
1152473.728358,881761.558480,-2400.000000
1153396.621717,881507.217164,-2400.000000
1153480.348507,881486.000294,-2400.000000
1154486.968657,881153.987541,-2400.000000
1155493.588806,880830.301696,-2400.000000
1156341.511956,880500.955224,-2400.000000
1156500.208955,880457.996544,-2400.000000
1157506.829104,880109.944240,-2400.000000
1158513.449254,879688.957177,-2400.000000
1159006.668033,879494.693284,-2400.000000
1159520.069403,879165.288410,-2400.000000
1160526.689552,878750.799083,-2400.000000
1161227.902303,878488.431343,-2400.000000
1161533.309701,878268.338439,-2400.000000
1161897.355306,877482.169403,-2400.000000
1162347.096052,876475.907463,-2400.000000
1162539.929851,876013.164537,-2400.000000
1162851.362856,875469.645522,-2400.000000
1163343.828254,874463.383582,-2400.000000
1163546.550000,874118.911591,-2400.000000
1164224.850072,873457.121642,-2400.000000
1164553.170149,873331.482908,-2400.000000
1164729.962324,873457.121642,-2400.000000
1165144.095476,874463.383582,-2400.000000
1165559.790299,874646.046517,-2400.000000
1165783.682218,874742.621444,-2400.000000
1154784.532686,858243.037031,-2200.000000
1154486.968657,857955.330912,-2200.000000
1153779.569966,857356.930597,-2200.000000
1153480.348507,857155.545659,-2200.000000
1152473.728358,856385.124027,-2200.000000
1152436.657213,856350.668657,-2200.000000
1151544.869194,855344.406716,-2200.000000
1151467.108209,855221.505690,-2200.000000
1150994.455448,854338.144776,-2200.000000
1150694.591944,853331.882836,-2200.000000
1150627.619113,852325.620896,-2200.000000
1150776.016877,851319.358955,-2200.000000
1151109.341076,850313.097015,-2200.000000
1151467.108209,849532.164948,-2200.000000
1151579.862493,849306.835075,-2200.000000
1152097.566866,848300.573134,-2200.000000
1152201.269483,848183.920562,-2200.000000
1155093.676080,857776.838489,-2200.000000
1155493.588806,857694.495742,-2200.000000
1156500.208955,857448.661532,-2200.000000
1156779.538687,857356.930597,-2200.000000
1157506.829104,857107.955628,-2200.000000
1158513.449254,856570.941653,-2200.000000
1158823.066552,856350.668657,-2200.000000
1159520.069403,855819.074525,-2200.000000
1160061.783295,855344.406716,-2200.000000
1160526.689552,854925.549012,-2200.000000
1160790.058466,854649.442902,-2200.000000
1138381.046269,871048.475122,-2200.000000
1137698.403206,871444.597761,-2200.000000
1137374.426119,871885.915021,-2200.000000
1137092.916065,872450.859701,-2200.000000
1137121.566500,873457.121642,-2200.000000
1137374.426119,873872.033915,-2200.000000
1137705.281981,874463.383582,-2200.000000
1138381.046269,874879.345879,-2200.000000
1139387.666418,875235.957566,-2200.000000
1140394.286567,874973.667274,-2200.000000
1141054.264120,874463.383582,-2200.000000
1141400.906716,874010.969557,-2200.000000
1141684.243573,873457.121642,-2200.000000
1141557.423025,872450.859701,-2200.000000
1141400.906716,872114.154804,-2200.000000
1140765.113730,871444.597761,-2200.000000
1140394.286567,871150.420466,-2200.000000
1139387.666418,870899.695700,-2200.000000
1138381.046269,871048.475122,-2200.000000
1161811.872638,885424.249805,-2200.000000
1162036.619776,885373.976835,-2200.000000
1162539.929851,885382.878461,-2200.000000
1163546.550000,884620.352858,-2200.000000
1164553.170149,884559.076703,-2200.000000
1165187.880018,885532.264925,-2200.000000
1164553.170149,886385.961977,-2200.000000
1164474.345002,886538.526866,-2200.000000
1164411.598647,887544.788806,-2200.000000
1164553.170149,887741.698350,-2200.000000
1165559.790299,888238.591026,-2200.000000
1166173.745817,888551.050746,-2200.000000
1166566.410448,888826.722405,-2200.000000
1167510.959715,889557.312687,-2200.000000
1167573.030597,889638.946637,-2200.000000
1168579.650746,890407.016703,-2200.000000
1169331.711268,890563.574627,-2200.000000
1169586.270896,890605.927737,-2200.000000
1169752.566928,890563.574627,-2200.000000
1170592.891045,890138.572291,-2200.000000
1170998.859931,889557.312687,-2200.000000
1171135.096553,888551.050746,-2200.000000
1170930.246263,887544.788806,-2200.000000
1170592.891045,886756.081628,-2200.000000
1170490.181228,886538.526866,-2200.000000
1169798.490054,885532.264925,-2200.000000
1169586.270896,885299.405082,-2200.000000
1168790.891376,884526.002985,-2200.000000
1168579.650746,884366.921734,-2200.000000
1167668.274778,883519.741045,-2200.000000
1167573.030597,883447.834898,-2200.000000
1166868.796938,882513.479104,-2200.000000
1166566.410448,881897.365236,-2200.000000
1166098.054929,881507.217164,-2200.000000
1166204.633869,880500.955224,-2200.000000
1166566.410448,880198.578027,-2200.000000
1167573.030597,879729.252412,-2200.000000
1168536.277815,879494.693284,-2200.000000
1168579.650746,879456.627257,-2200.000000
1168786.638489,878488.431343,-2200.000000
1169576.627304,877482.169403,-2200.000000
1169586.270896,877476.201932,-2200.000000
1170592.891045,877156.066370,-2200.000000
1171599.511194,877088.256211,-2200.000000
1172606.131343,877272.521690,-2200.000000
1173612.751493,877175.903803,-2200.000000
1174619.371642,877209.206418,-2200.000000
1175625.991791,877152.404219,-2200.000000
1176632.611940,876967.572901,-2200.000000
1177639.232090,876675.839251,-2200.000000
1178083.287993,876475.907463,-2200.000000
1178645.852239,876186.773890,-2200.000000
1179317.117621,875469.645522,-2200.000000
1179652.472388,874912.692022,-2200.000000
1180659.092537,874709.119784,-2200.000000
1181665.712687,874973.367914,-2200.000000
1182095.786417,875094.524261,-2200.000000
1127327.801833,881856.149374,-2200.000000
1128314.844776,882307.750900,-2200.000000
1128787.019286,882513.479104,-2200.000000
1129321.464925,882745.445821,-2200.000000
1130328.085075,883169.266096,-2200.000000
1131060.517007,883519.741045,-2200.000000
1131334.705224,883662.594149,-2200.000000
1132341.325373,884346.893495,-2200.000000
1132553.957142,884526.002985,-2200.000000
1133347.945522,885256.265185,-2200.000000
1133569.169990,885532.264925,-2200.000000
1134354.565672,886442.065128,-2200.000000
1134409.550891,886538.526866,-2200.000000
1135276.584811,887544.788806,-2200.000000
1135361.185821,887615.055936,-2200.000000
1136367.805970,888489.223912,-2200.000000
1136460.006328,888551.050746,-2200.000000
1137374.426119,889003.185191,-2200.000000
1138381.046269,889149.716701,-2200.000000
1139387.666418,888926.312723,-2200.000000
1140208.058400,888551.050746,-2200.000000
1140394.286567,888480.839802,-2200.000000
1141400.906716,888232.867753,-2200.000000
1142407.526866,887628.793140,-2200.000000
1142474.688903,887544.788806,-2200.000000
1143172.704947,886538.526866,-2200.000000
1143414.147015,886272.816540,-2200.000000
1144420.767164,885627.036283,-2200.000000
1144637.438783,885532.264925,-2200.000000
1145427.387313,885058.202502,-2200.000000
1146224.749155,884526.002985,-2200.000000
1146434.007463,884358.159537,-2200.000000
1147440.627612,884044.880771,-2200.000000
1148447.247761,883896.194817,-2200.000000
1149453.867910,883925.241762,-2200.000000
1150460.488060,883867.150132,-2200.000000
1151467.108209,883570.332817,-2200.000000
1151555.061899,883519.741045,-2200.000000
1152473.728358,883097.566980,-2200.000000
1153480.348507,882720.185548,-2200.000000
1153807.817278,882513.479104,-2200.000000
1154486.968657,882092.239664,-2200.000000
1155493.588806,881551.621760,-2200.000000
1155548.632392,881507.217164,-2200.000000
1156500.208955,880999.954495,-2200.000000
1157494.593179,880500.955224,-2200.000000
1157506.829104,880496.607300,-2200.000000
1158513.449254,880206.083906,-2200.000000
1159520.069403,879885.513233,-2200.000000
1160023.379478,879777.650623,-2200.000000
1160526.689552,879639.700444,-2200.000000
1160867.255430,879494.693284,-2200.000000
1161533.309701,879209.487694,-2200.000000
1161895.537239,878991.562313,-2200.000000
1162301.182367,878488.431343,-2200.000000
1162539.929851,877912.080317,-2200.000000
1162768.556181,877482.169403,-2200.000000
1163317.559716,876475.907463,-2200.000000
1163546.550000,876104.630072,-2200.000000
1164553.170149,875573.598991,-2200.000000
1165016.185493,875469.645522,-2200.000000
1165056.480224,875462.528037,-2200.000000
1165498.172896,875364.731230,-2200.000000
1158748.422943,889719.046308,-2200.000000
1158513.449254,889532.809354,-2200.000000
1157506.829104,888730.322411,-2200.000000
1157354.529437,888551.050746,-2200.000000
1157292.572339,888485.398087,-2200.000000
1160031.547414,854078.446203,-2000.000000
1159879.003729,854338.144776,-2000.000000
1159520.069403,854660.511574,-2000.000000
1158736.026109,855344.406716,-2000.000000
1158513.449254,855517.243559,-2000.000000
1157506.829104,856144.028762,-2000.000000
1157024.130488,856350.668657,-2000.000000
1156500.208955,856553.916045,-2000.000000
1155493.588806,856796.510892,-2000.000000
1154990.278731,856959.863689,-2000.000000
1154504.739391,856853.799627,-2000.000000
1154486.968657,856850.811966,-2000.000000
1153666.621267,856350.668657,-2000.000000
1153480.348507,856255.735445,-2000.000000
1152473.728358,855420.588131,-2000.000000
1152405.909273,855344.406716,-2000.000000
1151736.148646,854338.144776,-2000.000000
1151467.108209,853599.823543,-2000.000000
1151379.848736,853331.882836,-2000.000000
1151300.270719,852325.620896,-2000.000000
1151467.108209,851352.342614,-2000.000000
1151472.984002,851319.358955,-2000.000000
1151858.900649,850313.097015,-2000.000000
1152388.295857,849306.835075,-2000.000000
1152473.728358,849137.892522,-2000.000000
1152765.271586,848608.493596,-2000.000000
1139387.666418,872315.561632,-2000.000000
1139167.755901,872450.859701,-2000.000000
1138680.990003,873457.121642,-2000.000000
1139387.666418,874402.309294,-2000.000000
1140394.286567,874062.962504,-2000.000000
1140854.317630,873457.121642,-2000.000000
1140458.205932,872450.859701,-2000.000000
1140394.286567,872384.185420,-2000.000000
1139387.666418,872315.561632,-2000.000000
1125975.796727,884288.990882,-2000.000000
1126301.604478,884424.382429,-2000.000000
1126520.027021,884526.002985,-2000.000000
1127308.224627,884895.361140,-2000.000000
1128314.844776,885354.889949,-2000.000000
1128696.460570,885532.264925,-2000.000000
1129321.464925,885806.845098,-2000.000000
1130328.085075,886303.896944,-2000.000000
1130715.409400,886538.526866,-2000.000000
1131334.705224,886877.070233,-2000.000000
1132341.325373,887540.082975,-2000.000000
1132347.523841,887544.788806,-2000.000000
1133347.945522,888170.639863,-2000.000000
1133882.878843,888551.050746,-2000.000000
1134354.565672,888816.815098,-2000.000000
1135361.185821,889431.498970,-2000.000000
1135571.298235,889557.312687,-2000.000000
1136367.805970,889922.635673,-2000.000000
1137374.426119,890255.812930,-2000.000000
1138381.046269,890318.892563,-2000.000000
1139387.666418,889877.459123,-2000.000000
1139671.249605,889557.312687,-2000.000000
1140394.286567,889114.844076,-2000.000000
1141400.906716,888872.780869,-2000.000000
1142082.151482,888551.050746,-2000.000000
1142407.526866,888363.778849,-2000.000000
1143062.314991,887544.788806,-2000.000000
1143414.147015,886979.911379,-2000.000000
1143738.678582,886538.526866,-2000.000000
1144420.767164,886086.621734,-2000.000000
1145427.387313,885650.520345,-2000.000000
1145667.519250,885532.264925,-2000.000000
1146434.007463,885024.741753,-2000.000000
1147440.627612,884824.229553,-2000.000000
1148447.247761,884686.291347,-2000.000000
1149453.867910,884861.286209,-2000.000000
1150460.488060,884923.777648,-2000.000000
1150963.798134,884980.086614,-2000.000000
1151541.944913,885029.133955,-2000.000000
1152473.728358,884518.664037,-2000.000000
1153068.324256,884022.872015,-2000.000000
1153480.348507,883729.216543,-2000.000000
1153724.271852,883519.741045,-2000.000000
1154486.968657,883031.887067,-2000.000000
1154510.711739,883016.610075,-2000.000000
1155263.391939,882513.479104,-2000.000000
1155493.588806,882377.974236,-2000.000000
1155898.369881,882010.348134,-2000.000000
1155996.898881,881929.111047,-2000.000000
1156568.391859,881507.217164,-2000.000000
1157506.829104,881006.918745,-2000.000000
1157515.741601,881004.086194,-2000.000000
1158010.139179,880852.077177,-2000.000000
1158513.449254,880707.006995,-2000.000000
1159016.759328,880614.682352,-2000.000000
1159520.069403,880521.848874,-2000.000000
1159977.325318,880500.955224,-2000.000000
1160023.379478,880497.978435,-2000.000000
1160330.605844,880492.552018,-2000.000000
1177639.232090,881396.305191,-2000.000000
1177364.220362,881507.217164,-2000.000000
1176898.885726,882513.479104,-2000.000000
1176712.829393,883519.741045,-2000.000000
1176659.685217,884526.002985,-2000.000000
1176989.981706,885532.264925,-2000.000000
1177639.232090,886493.123976,-2000.000000
1177700.307736,886538.526866,-2000.000000
1178645.852239,887236.254259,-2000.000000
1179543.640983,887544.788806,-2000.000000
1179652.472388,887591.184288,-2000.000000
1180343.777717,887544.788806,-2000.000000
1180659.092537,887495.592149,-2000.000000
1181282.120339,886538.526866,-2000.000000
1181017.101138,885532.264925,-2000.000000
1180659.092537,884758.518400,-2000.000000
1180593.186686,884526.002985,-2000.000000
1180226.885974,883519.741045,-2000.000000
1179860.610974,882513.479104,-2000.000000
1179652.472388,882197.152256,-2000.000000
1178946.993293,881507.217164,-2000.000000
1178645.852239,881319.783973,-2000.000000
1177639.232090,881396.305191,-2000.000000
1178441.654686,895668.210454,-2000.000000
1178416.204221,895594.884328,-2000.000000
1177639.232090,894665.740883,-2000.000000
1176632.611940,894808.262076,-2000.000000
1175625.991791,894950.136585,-2000.000000
1174619.371642,895032.021452,-2000.000000
1173612.751493,895025.778709,-2000.000000
1172606.131343,894950.693202,-2000.000000
1171599.511194,894867.227791,-2000.000000
1170592.891045,894853.260854,-2000.000000
1169586.270896,895000.455398,-2000.000000
1168579.650746,894894.407733,-2000.000000
1168017.371613,894588.622388,-2000.000000
1167573.030597,894369.043347,-2000.000000
1166566.410448,893864.738049,-2000.000000
1166153.353206,893582.360448,-2000.000000
1165559.790299,893211.073118,-2000.000000
1164610.399065,892576.098507,-2000.000000
1164553.170149,892471.995533,-2000.000000
1164182.555719,891569.836567,-2000.000000
1163784.396449,890563.574627,-2000.000000
1163546.550000,889776.596732,-2000.000000
1163475.531184,889557.312687,-2000.000000
1163295.487086,888551.050746,-2000.000000
1163108.272203,887544.788806,-2000.000000
1162663.903954,886538.526866,-2000.000000
1162539.929851,886456.146469,-2000.000000
1162036.619776,886411.963419,-2000.000000
1161533.309701,886369.569671,-2000.000000
1161362.075713,886306.204561,-2000.000000
1159588.309430,888707.452298,-2000.000000
1159969.203718,889054.181716,-2000.000000
1160023.379478,889131.184632,-2000.000000
1160226.311942,889557.312687,-2000.000000
1160526.689552,890201.717961,-2000.000000
1161200.586776,890563.574627,-2000.000000
1160526.689552,890818.560710,-2000.000000
1159520.069403,890781.927932,-2000.000000
1158815.740714,891569.836567,-2000.000000
1158513.449254,892191.506444,-2000.000000
1158263.638295,892576.098507,-2000.000000
1157802.058691,893582.360448,-2000.000000
1157506.829104,893957.376839,-2000.000000
1156525.270743,894588.622388,-2000.000000
1156500.208955,894599.154432,-2000.000000
1156409.840506,894588.622388,-2000.000000
1155493.588806,894485.966281,-2000.000000
1154757.806987,893582.360448,-2000.000000
1154486.968657,892577.556911,-2000.000000
1154486.746231,892576.098507,-2000.000000
1154486.968657,892575.254885,-2000.000000
1154817.313193,891569.836567,-2000.000000
1154789.848053,891066.705597,-2000.000000
1154585.760224,890591.028227,-2000.000000
1159445.283830,853637.115032,-1800.000000
1158558.484270,854338.144776,-1800.000000
1158513.449254,854377.571709,-1800.000000
1157506.829104,855139.628655,-1800.000000
1157138.908454,855344.406716,-1800.000000
1156500.208955,855642.981611,-1800.000000
1155493.588806,855901.727029,-1800.000000
1154486.968657,855864.877210,-1800.000000
1153480.348507,855357.462447,-1800.000000
1153464.713817,855344.406716,-1800.000000
1152509.071437,854338.144776,-1800.000000
1152473.728358,854275.765415,-1800.000000
1152073.660997,853331.882836,-1800.000000
1151967.266476,852325.620896,-1800.000000
1152172.022698,851319.358955,-1800.000000
1152473.728358,850619.857493,-1800.000000
1152635.476080,850313.097015,-1800.000000
1153290.761776,849306.835075,-1800.000000
1153406.042482,849090.857123,-1800.000000
1124787.100306,886427.969487,-1800.000000
1125049.424384,886538.526866,-1800.000000
1125294.984328,886638.834927,-1800.000000
1126301.604478,887086.713532,-1800.000000
1127308.224627,887503.894971,-1800.000000
1127409.604630,887544.788806,-1800.000000
1128314.844776,887877.654880,-1800.000000
1129321.464925,888252.031882,-1800.000000
1130047.898028,888551.050746,-1800.000000
1130328.085075,888652.651192,-1800.000000
1131334.705224,889069.190661,-1800.000000
1132341.325373,889524.339020,-1800.000000
1132407.975924,889557.312687,-1800.000000
1133347.945522,889938.697742,-1800.000000
1134354.565672,890356.274049,-1800.000000
1134833.767708,890563.574627,-1800.000000
1135361.185821,890741.836026,-1800.000000
1136367.805970,891049.953575,-1800.000000
1137374.426119,891253.125298,-1800.000000
1138381.046269,891274.907503,-1800.000000
1139387.666418,890942.229673,-1800.000000
1139707.607866,890563.574627,-1800.000000
1140394.286567,889810.323333,-1800.000000
1141082.360561,889557.312687,-1800.000000
1141400.906716,889475.867253,-1800.000000
1142407.526866,889040.965593,-1800.000000
1142960.423215,888551.050746,-1800.000000
1143414.147015,887943.463024,-1800.000000
1143689.754051,887544.788806,-1800.000000
1144420.767164,886554.082622,-1800.000000
1144439.873726,886538.526866,-1800.000000
1145427.387313,886126.990022,-1800.000000
1146434.007463,885635.657620,-1800.000000
1147420.653936,885532.264925,-1800.000000
1147440.627612,885529.299076,-1800.000000
1148447.247761,885396.506803,-1800.000000
1148913.170306,885532.264925,-1800.000000
1149453.867910,885689.606946,-1800.000000
1149957.177985,885748.872107,-1800.000000
1150460.488060,885823.842075,-1800.000000
1150731.894205,885910.139771,-1800.000000
1153823.598072,891090.941037,-1800.000000
1153818.968705,891569.836567,-1800.000000
1153632.765573,892576.098507,-1800.000000
1153681.643303,893582.360448,-1800.000000
1153996.353197,894588.622388,-1800.000000
1154486.968657,895424.477194,-1800.000000
1154677.801671,895594.884328,-1800.000000
1155493.588806,896218.616634,-1800.000000
1156500.208955,896477.891679,-1800.000000
1157506.829104,896362.562926,-1800.000000
1158513.449254,895848.422521,-1800.000000
1158820.083759,895594.884328,-1800.000000
1159520.069403,894791.268772,-1800.000000
1159700.553091,894588.622388,-1800.000000
1160526.689552,893797.420609,-1800.000000
1160890.152414,893582.360448,-1800.000000
1161533.309701,893173.933760,-1800.000000
1162539.929851,893052.611504,-1800.000000
1163424.650821,893582.360448,-1800.000000
1163546.550000,893656.276724,-1800.000000
1164497.390518,894588.622388,-1800.000000
1164553.170149,894695.394789,-1800.000000
1165346.453263,895594.884328,-1800.000000
1165559.790299,895906.858198,-1800.000000
1165977.095210,896601.146269,-1800.000000
1166566.410448,897594.441495,-1800.000000
1166576.156587,897607.408209,-1800.000000
1167573.030597,898535.456130,-1800.000000
1167750.237530,898613.670149,-1800.000000
1168579.650746,899026.316630,-1800.000000
1169207.119072,899619.932090,-1800.000000
1169209.899805,899630.235567,-1800.000000
1170592.891045,897479.388042,-1800.000000
1170399.206958,897607.408209,-1800.000000
1170592.891045,897784.053450,-1800.000000
1170852.598632,897607.408209,-1800.000000
1170592.891045,897479.388042,-1800.000000
1158610.936360,853009.029721,-1600.000000
1158513.449254,853110.733702,-1600.000000
1158168.003866,853331.882836,-1600.000000
1157506.829104,853976.438918,-1600.000000
1157058.264427,854338.144776,-1600.000000
1156500.208955,854669.035184,-1600.000000
1155493.588806,855001.328989,-1600.000000
1154486.968657,854960.257943,-1600.000000
1153480.348507,854382.437892,-1600.000000
1153438.189752,854338.144776,-1600.000000
1152808.846387,853331.882836,-1600.000000
1152643.401064,852325.620896,-1600.000000
1152911.997096,851319.358955,-1600.000000
1153480.348507,850328.346238,-1600.000000
1153493.745596,850313.097015,-1600.000000
1153999.974987,849537.961352,-1600.000000
1152706.504957,884907.131367,-1600.000000
1153480.348507,884867.042007,-1600.000000
1154486.968657,884780.801683,-1600.000000
1155493.588806,884695.017176,-1600.000000
1156500.208955,884604.283684,-1600.000000
1157506.829104,884530.014887,-1600.000000
1157647.807440,884526.002985,-1600.000000
1158513.449254,884502.007044,-1600.000000
1159520.069403,884484.495002,-1600.000000
1159580.537752,884479.907669,-1600.000000
1123723.477568,888341.886480,-1600.000000
1124252.766361,888551.050746,-1600.000000
1124288.364179,888564.808582,-1600.000000
1125294.984328,888986.451742,-1600.000000
1126301.604478,889356.080573,-1600.000000
1126915.837568,889557.312687,-1600.000000
1127308.224627,889675.487941,-1600.000000
1128314.844776,889953.149108,-1600.000000
1129321.464925,890218.991540,-1600.000000
1130328.085075,890496.300811,-1600.000000
1130544.878040,890563.574627,-1600.000000
1131334.705224,890776.696791,-1600.000000
1132341.325373,891056.703289,-1600.000000
1133347.945522,891329.737545,-1600.000000
1134255.322773,891569.836567,-1600.000000
1134354.565672,891591.561313,-1600.000000
1135361.185821,891810.658325,-1600.000000
1136367.805970,891978.767867,-1600.000000
1137374.426119,892049.855695,-1600.000000
1138381.046269,891979.559343,-1600.000000
1139387.666418,891733.555923,-1600.000000
1139593.475456,891569.836567,-1600.000000
1140394.286567,890657.251468,-1600.000000
1140493.056587,890563.574627,-1600.000000
1141400.906716,889976.972425,-1600.000000
1142407.526866,889655.780249,-1600.000000
1142627.342057,889557.312687,-1600.000000
1143414.147015,888889.029649,-1600.000000
1143692.494971,888551.050746,-1600.000000
1144376.598674,887544.788806,-1600.000000
1144420.767164,887484.929419,-1600.000000
1145427.387313,886654.334046,-1600.000000
1145571.671072,886538.526866,-1600.000000
1146434.007463,886133.244719,-1600.000000
1147440.627612,886014.191131,-1600.000000
1148447.247761,886117.563624,-1600.000000
1149453.867910,886398.904237,-1600.000000
1149867.897150,886526.382397,-1600.000000
1153253.802736,891458.795819,-1600.000000
1153000.578496,891569.836567,-1600.000000
1152815.770689,892576.098507,-1600.000000
1152772.402984,893582.360448,-1600.000000
1152919.230872,894588.622388,-1600.000000
1153264.896262,895594.884328,-1600.000000
1153480.348507,896024.127928,-1600.000000
1153887.637528,896601.146269,-1600.000000
1154486.968657,897297.972446,-1600.000000
1154932.952842,897607.408209,-1600.000000
1155493.588806,898005.955747,-1600.000000
1156500.208955,898392.282209,-1600.000000
1157506.829104,898550.223153,-1600.000000
1158513.449254,898524.157064,-1600.000000
1159520.069403,898319.560555,-1600.000000
1160526.689552,897939.869452,-1600.000000
1161356.644261,897607.408209,-1600.000000
1161533.309701,897492.401157,-1600.000000
1162249.210057,897607.408209,-1600.000000
1162539.929851,897661.767172,-1600.000000
1163264.337154,898613.670149,-1600.000000
1163546.550000,898913.982298,-1600.000000
1164053.293631,899619.932090,-1600.000000
1164553.170149,900190.228024,-1600.000000
1164944.405948,900626.194030,-1600.000000
1164780.034621,901531.416581,-1600.000000
1157556.115848,852214.975332,-1400.000000
1157506.829104,852269.987003,-1400.000000
1157406.736381,852325.620896,-1400.000000
1156705.615838,853331.882836,-1400.000000
1156500.208955,853500.774461,-1400.000000
1155493.588806,854027.465577,-1400.000000
1154486.968657,854025.498659,-1400.000000
1153661.095193,853331.882836,-1400.000000
1153480.348507,852870.605362,-1400.000000
1153354.661025,852325.620896,-1400.000000
1153480.348507,851921.126980,-1400.000000
1153768.868492,851319.358955,-1400.000000
1154486.968657,850509.934308,-1400.000000
1154649.148746,850313.097015,-1400.000000
1154824.129047,850158.373205,-1400.000000
1122749.342747,890094.776034,-1400.000000
1123281.744030,890298.800225,-1400.000000
1123899.818379,890563.574627,-1400.000000
1124288.364179,890722.050758,-1400.000000
1125294.984328,891074.736021,-1400.000000
1126301.604478,891365.314233,-1400.000000
1127170.707858,891569.836567,-1400.000000
1127308.224627,891600.316877,-1400.000000
1128314.844776,891788.349425,-1400.000000
1129321.464925,891951.643329,-1400.000000
1130328.085075,892108.496559,-1400.000000
1131334.705224,892266.571278,-1400.000000
1132341.325373,892419.258785,-1400.000000
1133347.945522,892557.501298,-1400.000000
1133488.903585,892576.098507,-1400.000000
1134354.565672,892675.418762,-1400.000000
1135361.185821,892768.177401,-1400.000000
1136367.805970,892811.566394,-1400.000000
1137374.426119,892766.120438,-1400.000000
1138381.046269,892588.881678,-1400.000000
1138411.233260,892576.098507,-1400.000000
1139387.666418,892230.691698,-1400.000000
1140218.417056,891569.836567,-1400.000000
1140394.286567,891369.419898,-1400.000000
1141243.945380,890563.574627,-1400.000000
1141400.906716,890462.154951,-1400.000000
1142407.526866,890114.642050,-1400.000000
1143414.147015,889713.132048,-1400.000000
1143604.236991,889557.312687,-1400.000000
1144409.031303,888551.050746,-1400.000000
1144420.767164,888533.739915,-1400.000000
1145378.399708,887544.788806,-1400.000000
1145427.387313,887504.113824,-1400.000000
1146434.007463,886744.469770,-1400.000000
1147128.367367,886538.526866,-1400.000000
1147440.627612,886498.153106,-1400.000000
1147608.017814,886538.526866,-1400.000000
1148447.247761,886852.787379,-1400.000000
1148950.557836,886963.559431,-1400.000000
1149222.822312,887002.924170,-1400.000000
1156037.493139,889423.409288,-1400.000000
1155493.588806,889458.107107,-1400.000000
1154486.968657,889178.383663,-1400.000000
1153480.348507,889072.159442,-1400.000000
1152473.728358,888858.540702,-1400.000000
1152036.752238,888551.050746,-1400.000000
1151467.108209,888382.673614,-1400.000000
1150460.488060,887993.166571,-1400.000000
1149453.867910,887618.415249,-1400.000000
1149333.833541,887544.788806,-1400.000000
1148926.806657,887343.294815,-1400.000000
1160397.517538,903412.277042,-1400.000000
1160303.749891,902638.717910,-1400.000000
1159520.069403,902210.614209,-1400.000000
1158513.449254,901721.613541,-1400.000000
1158346.500550,901632.455970,-1400.000000
1157506.829104,901273.445268,-1400.000000
1156500.208955,900764.023099,-1400.000000
1156297.336497,900626.194030,-1400.000000
1155493.588806,900166.749583,-1400.000000
1154823.030459,899619.932090,-1400.000000
1154486.968657,899372.210920,-1400.000000
1153782.115817,898613.670149,-1400.000000
1153480.348507,898281.351896,-1400.000000
1153034.214118,897607.408209,-1400.000000
1152492.284878,896601.146269,-1400.000000
1152473.728358,896557.494446,-1400.000000
1152130.720290,895594.884328,-1400.000000
1151910.579893,894588.622388,-1400.000000
1151821.933167,893582.360448,-1400.000000
1151866.118370,892576.098507,-1400.000000
1152075.639947,891569.836567,-1400.000000
1152473.728358,890648.910868,-1400.000000
1152977.038433,890595.286076,-1400.000000
1153480.348507,890583.154264,-1400.000000
1154085.156187,890850.924479,-1400.000000
1156802.040152,851647.317508,-1200.000000
1156500.208955,851754.571159,-1200.000000
1155697.628104,852325.620896,-1200.000000
1155493.588806,852552.783463,-1200.000000
1154486.968657,852766.164059,-1200.000000
1154254.999180,852325.620896,-1200.000000
1154486.968657,851906.722092,-1200.000000
1155493.588806,851966.765376,-1200.000000
1155871.780024,851319.358955,-1200.000000
1156118.385024,851132.671322,-1200.000000
1121825.740875,891756.734974,-1200.000000
1122275.123881,891933.170998,-1200.000000
1123281.744030,892367.184035,-1200.000000
1123841.612808,892576.098507,-1200.000000
1124288.364179,892738.707999,-1200.000000
1125294.984328,893039.401234,-1200.000000
1126301.604478,893269.267927,-1200.000000
1127308.224627,893433.367180,-1200.000000
1128314.844776,893542.675556,-1200.000000
1128863.998923,893582.360448,-1200.000000
1129321.464925,893614.604352,-1200.000000
1130328.085075,893666.841743,-1200.000000
1131334.705224,893707.869179,-1200.000000
1132341.325373,893735.041097,-1200.000000
1133347.945522,893743.380830,-1200.000000
1134354.565672,893732.958851,-1200.000000
1135361.185821,893698.337428,-1200.000000
1136367.805970,893614.819328,-1200.000000
1136537.684165,893582.360448,-1200.000000
1137374.426119,893453.635550,-1200.000000
1138381.046269,893184.002829,-1200.000000
1139387.666418,892744.399183,-1200.000000
1139582.565173,892576.098507,-1200.000000
1140394.286567,891933.246194,-1200.000000
1140822.026253,891569.836567,-1200.000000
1141400.906716,891014.914557,-1200.000000
1142407.526866,890576.200707,-1200.000000
1142483.345419,890563.574627,-1200.000000
1143414.147015,890385.071717,-1200.000000
1144420.767164,889561.122936,-1200.000000
1144424.511612,889557.312687,-1200.000000
1145296.692605,888551.050746,-1200.000000
1145427.387313,888416.659084,-1200.000000
1146434.007463,887739.725944,-1200.000000
1146937.317537,887554.798052,-1200.000000
1146966.126158,887544.788806,-1200.000000
1147440.627612,887329.901988,-1200.000000
1148204.695883,887544.788806,-1200.000000
1148426.682674,887591.063362,-1200.000000
1147942.127259,888005.557065,-1200.000000
1148024.063255,888047.919776,-1200.000000
1148447.247761,888355.808229,-1200.000000
1148719.713405,888551.050746,-1200.000000
1149453.867910,889248.806877,-1200.000000
1149818.566792,889557.312687,-1200.000000
1150432.101023,890563.574627,-1200.000000
1150460.488060,890669.800547,-1200.000000
1150685.524066,891569.836567,-1200.000000
1150746.613754,892576.098507,-1200.000000
1150781.914029,893582.360448,-1200.000000
1150858.905557,894588.622388,-1200.000000
1151001.608815,895594.884328,-1200.000000
1151227.658566,896601.146269,-1200.000000
1151467.108209,897360.446265,-1200.000000
1151553.799759,897607.408209,-1200.000000
1151983.002125,898613.670149,-1200.000000
1152473.728358,899545.878937,-1200.000000
1152521.280811,899619.932090,-1200.000000
1153177.817245,900626.194030,-1200.000000
1153480.348507,901075.844704,-1200.000000
1153947.519169,901632.455970,-1200.000000
1154486.968657,902307.722324,-1200.000000
1154815.515154,902638.717910,-1200.000000
1155493.588806,903396.818094,-1200.000000
1155759.365320,903644.979851,-1200.000000
1156500.208955,904429.629697,-1200.000000
1156738.370337,904651.241791,-1200.000000
1156728.883180,904986.757912,-1200.000000
1120927.555268,893372.959068,-1000.000000
1121268.503731,893519.531690,-1000.000000
1121410.781281,893582.360448,-1000.000000
1122275.123881,893974.431393,-1000.000000
1123281.744030,894383.180163,-1000.000000
1123878.704340,894588.622388,-1000.000000
1124288.364179,894731.003079,-1000.000000
1125294.984328,895009.034735,-1000.000000
1126301.604478,895208.175670,-1000.000000
1127308.224627,895329.060452,-1000.000000
1128314.844776,895378.800352,-1000.000000
1129321.464925,895371.188409,-1000.000000
1130328.085075,895323.404546,-1000.000000
1131334.705224,895247.235425,-1000.000000
1132341.325373,895144.913555,-1000.000000
1133347.945522,895016.696389,-1000.000000
1134354.565672,894865.505858,-1000.000000
1135361.185821,894685.086544,-1000.000000
1135741.934420,894588.622388,-1000.000000
1136367.805970,894468.719571,-1000.000000
1137374.426119,894190.920743,-1000.000000
1138381.046269,893804.386556,-1000.000000
1138772.486555,893582.360448,-1000.000000
1139387.666418,893295.831706,-1000.000000
1140221.145568,892576.098507,-1000.000000
1140394.286567,892438.977455,-1000.000000
1141400.906716,891587.415921,-1000.000000
1141438.816765,891569.836567,-1000.000000
1142407.526866,891159.693015,-1000.000000
1143414.147015,891009.853192,-1000.000000
1144387.205586,890563.574627,-1000.000000
1144420.767164,890538.811518,-1000.000000
1145385.316007,889557.312687,-1000.000000
1145427.387313,889508.192717,-1000.000000
1146273.691962,888551.050746,-1000.000000
1146434.007463,888438.163324,-1000.000000
1146937.317537,888242.174326,-1000.000000
1147440.627612,888017.916322,-1000.000000
1147826.505659,888034.437372,-1000.000000
1153412.034402,906410.261712,-1000.000000
1153245.362678,905657.503731,-1000.000000
1152691.015024,904651.241791,-1000.000000
1152473.728358,904255.167838,-1000.000000
1152172.356275,903644.979851,-1000.000000
1151697.657698,902638.717910,-1000.000000
1151467.108209,902129.838802,-1000.000000
1151264.639629,901632.455970,-1000.000000
1150876.354801,900626.194030,-1000.000000
1150539.644239,899619.932090,-1000.000000
1150460.488060,899361.032648,-1000.000000
1150244.144727,898613.670149,-1000.000000
1150016.248288,897607.408209,-1000.000000
1149874.951833,896601.146269,-1000.000000
1149789.649611,895594.884328,-1000.000000
1149725.207749,894588.622388,-1000.000000
1149661.162041,893582.360448,-1000.000000
1149570.353050,892576.098507,-1000.000000
1149453.867910,891928.716193,-1000.000000
1149386.816356,891569.836567,-1000.000000
1149020.305917,890563.574627,-1000.000000
1148447.247761,889715.302719,-1000.000000
1148337.048018,889557.312687,-1000.000000
1147440.627612,888819.470160,-1000.000000
1147163.107673,888551.050746,-1000.000000
1147150.724132,888537.828195,-1000.000000
1120034.903374,894979.225621,-800.000000
1120261.883582,895088.106018,-800.000000
1121268.503731,895570.647510,-800.000000
1121322.251646,895594.884328,-800.000000
1122275.123881,896032.612269,-800.000000
1123281.744030,896451.533008,-800.000000
1123702.416466,896601.146269,-800.000000
1124288.364179,896820.119176,-800.000000
1125294.984328,897123.217525,-800.000000
1126301.604478,897343.425821,-800.000000
1127308.224627,897473.281315,-800.000000
1128314.844776,897510.382537,-800.000000
1129321.464925,897459.288746,-800.000000
1130328.085075,897330.441696,-800.000000
1131334.705224,897132.575146,-800.000000
1132341.325373,896866.511846,-800.000000
1133127.060879,896601.146269,-800.000000
1133347.945522,896544.449922,-800.000000
1134354.565672,896235.126488,-800.000000
1135361.185821,895876.627547,-800.000000
1135969.602567,895594.884328,-800.000000
1136367.805970,895465.181452,-800.000000
1137374.426119,895023.499797,-800.000000
1138115.690791,894588.622388,-800.000000
1138381.046269,894475.915632,-800.000000
1139387.666418,893892.824773,-800.000000
1139782.788218,893582.360448,-800.000000
1140394.286567,893074.240831,-800.000000
1140969.299987,892576.098507,-800.000000
1141400.906716,892226.475952,-800.000000
1142407.526866,891777.317899,-800.000000
1143414.147015,891628.164710,-800.000000
1143661.569159,891569.836567,-800.000000
1144420.767164,891370.327804,-800.000000
1145427.387313,890885.294341,-800.000000
1145811.354751,890563.574627,-800.000000
1146344.792718,889557.312687,-800.000000
1146434.007463,889456.845750,-800.000000
1146661.635150,889557.312687,-800.000000
1147440.627612,890200.929332,-800.000000
1147688.113092,890563.574627,-800.000000
1148120.317736,891569.836567,-800.000000
1148348.455782,892576.098507,-800.000000
1148447.247761,893454.808112,-800.000000
1148459.715944,893582.360448,-800.000000
1148487.120023,894588.622388,-800.000000
1148447.247761,895484.584292,-800.000000
1148441.429773,895594.884328,-800.000000
1148312.172794,896601.146269,-800.000000
1148166.138426,897607.408209,-800.000000
1148182.302493,898613.670149,-800.000000
1148259.594769,899619.932090,-800.000000
1148339.214530,900626.194030,-800.000000
1148412.268939,901632.455970,-800.000000
1148447.247761,902087.468011,-800.000000
1148491.146447,902638.717910,-800.000000
1148601.030023,903644.979851,-800.000000
1148771.436854,904651.241791,-800.000000
1149019.184036,905657.503731,-800.000000
1149349.574338,906663.765672,-800.000000
1149453.867910,906931.347291,-800.000000
1149733.075369,907670.027612,-800.000000
1149751.031816,907981.467227,-800.000000
1119130.016740,896607.507758,-600.000000
1119255.263433,896673.026277,-600.000000
1120261.883582,897182.408501,-600.000000
1121105.926228,897607.408209,-600.000000
1121268.503731,897692.469114,-600.000000
1122275.123881,898201.229398,-600.000000
1123141.963189,898613.670149,-600.000000
1123281.744030,898685.233796,-600.000000
1124288.364179,899150.842912,-600.000000
1125294.984328,899564.373163,-600.000000
1125462.241321,899619.932090,-600.000000
1126301.604478,899944.165123,-600.000000
1127308.224627,900257.011174,-600.000000
1128314.844776,900481.697591,-600.000000
1129321.464925,900597.261491,-600.000000
1130328.085075,900575.289351,-600.000000
1131334.705224,900372.304999,-600.000000
1132341.325373,899907.585848,-600.000000
1132708.562465,899619.932090,-600.000000
1133347.945522,899248.182409,-600.000000
1134093.507885,898613.670149,-600.000000
1134354.565672,898458.859710,-600.000000
1135361.185821,897659.815225,-600.000000
1135408.074797,897607.408209,-600.000000
1136367.805970,896919.842650,-600.000000
1136666.129034,896601.146269,-600.000000
1137374.426119,896122.962815,-600.000000
1137909.645144,895594.884328,-600.000000
1138381.046269,895304.105565,-600.000000
1139302.786319,894588.622388,-600.000000
1139387.666418,894539.097641,-600.000000
1140394.286567,893767.778102,-600.000000
1140621.094108,893582.360448,-600.000000
1141400.906716,892917.498700,-600.000000
1142164.997900,892576.098507,-600.000000
1142407.526866,892475.700531,-600.000000
1143414.147015,892370.696335,-600.000000
1144420.767164,892298.080252,-600.000000
1145427.387313,892189.127724,-600.000000
1146434.007463,892141.908070,-600.000000
1146687.496482,892576.098507,-600.000000
1146999.130739,893582.360448,-600.000000
1147072.359822,894588.622388,-600.000000
1146945.896432,895594.884328,-600.000000
1146599.439043,896601.146269,-600.000000
1146434.007463,896979.302092,-600.000000
1146218.535163,897607.408209,-600.000000
1146072.269524,898613.670149,-600.000000
1145807.396757,899619.932090,-600.000000
1145427.387313,900448.392356,-600.000000
1145303.220034,900626.194030,-600.000000
1144420.767164,901582.195624,-600.000000
1144319.710612,901632.455970,-600.000000
1143414.147015,902207.933252,-600.000000
1142407.526866,902527.945574,-600.000000
1142102.642690,902638.717910,-600.000000
1141400.906716,903214.781557,-600.000000
1141033.808270,903644.979851,-600.000000
1140547.830730,904651.241791,-600.000000
1140394.286567,905603.522058,-600.000000
1140383.961220,905657.503731,-600.000000
1140394.286567,905711.145039,-600.000000
1140594.556630,906663.765672,-600.000000
1141201.685740,907670.027612,-600.000000
1141400.906716,907886.887245,-600.000000
1142089.109562,908676.289552,-600.000000
1142407.526866,908978.492863,-600.000000
1143064.818015,909682.551493,-600.000000
1143414.147015,910024.610766,-600.000000
1143694.175737,910580.909717,-600.000000
1142407.526866,893274.081167,-400.000000
1141640.260949,893582.360448,-400.000000
1141400.906716,893671.905826,-400.000000
1140394.286567,894490.553155,-400.000000
1140265.319877,894588.622388,-400.000000
1139387.666418,895339.828510,-400.000000
1139064.092321,895594.884328,-400.000000
1138381.046269,896574.636640,-400.000000
1138354.151115,896601.146269,-400.000000
1137856.056784,897607.408209,-400.000000
1137691.124940,898613.670149,-400.000000
1138056.647455,899619.932090,-400.000000
1138381.046269,899908.119927,-400.000000
1139387.666418,900277.985295,-400.000000
1140394.286567,900296.653740,-400.000000
1141400.906716,900166.047594,-400.000000
1142407.526866,899983.481425,-400.000000
1143262.863195,899619.932090,-400.000000
1143414.147015,899550.226850,-400.000000
1144391.244611,898613.670149,-400.000000
1144420.767164,898574.134118,-400.000000
1144910.870101,897607.408209,-400.000000
1145294.419181,896601.146269,-400.000000
1145427.387313,896025.151684,-400.000000
1145537.604765,895594.884328,-400.000000
1145492.169374,894588.622388,-400.000000
1145427.387313,894447.891909,-400.000000
1144703.620663,893582.360448,-400.000000
1144420.767164,893462.445041,-400.000000
1143414.147015,893253.251830,-400.000000
1142407.526866,893274.081167,-400.000000
1135326.878512,914171.932460,-400.000000
1135336.436715,913707.599254,-400.000000
1134354.565672,912939.187183,-400.000000
1134079.935950,912701.337313,-400.000000
1133347.945522,912126.889607,-400.000000
1132864.758873,911695.075373,-400.000000
1132341.325373,911267.813054,-400.000000
1131743.206794,910688.813433,-400.000000
1131334.705224,910318.971759,-400.000000
1130770.480987,909682.551493,-400.000000
1130328.085075,909175.958751,-400.000000
1129968.381043,908676.289552,-400.000000
1129321.464925,907686.385923,-400.000000
1129311.644037,907670.027612,-400.000000
1128759.528823,906663.765672,-400.000000
1128314.844776,905915.375497,-400.000000
1128157.758294,905657.503731,-400.000000
1127426.120337,904651.241791,-400.000000
1127308.224627,904522.649152,-400.000000
1126483.942140,903644.979851,-400.000000
1126301.604478,903491.786162,-400.000000
1125294.984328,902646.852438,-400.000000
1125285.477753,902638.717910,-400.000000
1124288.364179,901915.218940,-400.000000
1123902.935518,901632.455970,-400.000000
1123281.744030,901233.169396,-400.000000
1122351.909478,900626.194030,-400.000000
1122275.123881,900580.909661,-400.000000
1121268.503731,899968.419420,-400.000000
1120689.622974,899619.932090,-400.000000
1120261.883582,899378.029368,-400.000000
1119255.263433,898819.345528,-400.000000
1118867.331210,898613.670149,-400.000000
1118248.643284,898286.993799,-400.000000
1118208.689682,898265.373324,-400.000000
1141400.906716,894430.923091,-200.000000
1141205.825641,894588.622388,-200.000000
1140394.286567,895246.041035,-200.000000
1139991.127883,895594.884328,-200.000000
1139581.359417,896601.146269,-200.000000
1139629.042910,897607.408209,-200.000000
1140394.286567,898437.775372,-200.000000
1141259.378457,898613.670149,-200.000000
1141400.906716,898634.445513,-200.000000
1141498.217049,898613.670149,-200.000000
1142407.526866,898411.372678,-200.000000
1143414.147015,897689.139913,-200.000000
1143479.790925,897607.408209,-200.000000
1144036.543270,896601.146269,-200.000000
1144208.606783,895594.884328,-200.000000
1143717.641062,894588.622388,-200.000000
1143414.147015,894391.494696,-200.000000
1142407.526866,894161.375696,-200.000000
1141400.906716,894430.923091,-200.000000
1117271.861817,899951.131541,-200.000000
1118248.643284,900495.268836,-200.000000
1118478.794748,900626.194030,-200.000000
1119255.263433,901092.788226,-200.000000
1120087.765432,901632.455970,-200.000000
1120261.883582,901754.367697,-200.000000
1121268.503731,902495.895814,-200.000000
1121456.621697,902638.717910,-200.000000
1122275.123881,903332.938413,-200.000000
1122633.665728,903644.979851,-200.000000
1123281.744030,904289.593210,-200.000000
1123639.004881,904651.241791,-200.000000
1124288.364179,905415.878082,-200.000000
1124491.308686,905657.503731,-200.000000
1125218.630617,906663.765672,-200.000000
1125294.984328,906783.977198,-200.000000
1125861.244078,907670.027612,-200.000000
1126301.604478,908440.517102,-200.000000
1126439.574095,908676.289552,-200.000000
1126993.537582,909682.551493,-200.000000
1127308.224627,910286.574395,-200.000000
1127534.277850,910688.813433,-200.000000
1128073.163763,911695.075373,-200.000000
1128314.844776,912176.580644,-200.000000
1128611.611527,912701.337313,-200.000000
1129137.949198,913707.599254,-200.000000
1129321.464925,914098.490945,-200.000000
1129653.710532,914713.861194,-200.000000
1130134.521619,915720.123134,-200.000000
1130320.038408,916320.735854,-200.000000
1141400.906716,895314.166200,0.000000
1141037.004803,895594.884328,0.000000
1141054.278906,896601.146269,0.000000
1141400.906716,896942.588078,0.000000
1142407.526866,896657.710080,0.000000
1142459.004372,896601.146269,0.000000
1142686.786123,895594.884328,0.000000
1142407.526866,895362.453619,0.000000
1141400.906716,895314.166200,0.000000
1125662.961827,918319.429993,0.000000
1125373.677312,917732.647015,0.000000
1125499.423209,916726.385075,0.000000
1125507.896827,915720.123134,0.000000
1125418.485063,914713.861194,0.000000
1125294.984328,914010.123591,0.000000
1125246.969746,913707.599254,0.000000
1125008.501272,912701.337313,0.000000
1124705.675290,911695.075373,0.000000
1124340.518132,910688.813433,0.000000
1124288.364179,910568.929875,0.000000
1123920.476276,909682.551493,0.000000
1123430.731702,908676.289552,0.000000
1123281.744030,908414.153920,0.000000
1122864.043340,907670.027612,0.000000
1122275.123881,906781.239667,0.000000
1122196.681507,906663.765672,0.000000
1121409.176131,905657.503731,0.000000
1121268.503731,905502.152260,0.000000
1120468.245222,904651.241791,0.000000
1120261.883582,904458.894032,0.000000
1119334.395264,903644.979851,0.000000
1119255.263433,903582.688880,0.000000
1118248.643284,902847.182392,0.000000
1117929.654504,902638.717910,0.000000
1117242.023134,902221.941610,0.000000
1116315.952110,901671.226240,0.000000
1112894.398929,922798.237713,0.000000
1113204.641075,922763.956716,0.000000
1112888.995298,922723.680699,0.000000
1112681.008311,919853.964291,200.000000
1113215.542537,919844.529385,200.000000
1114222.162687,919821.885737,200.000000
1115228.782836,919753.915536,200.000000
1115300.086819,919745.170896,200.000000
1116235.402985,919621.591688,200.000000
1117242.023134,919396.131879,200.000000
1118248.643284,919039.895618,200.000000
1118844.447680,918738.908955,200.000000
1119255.263433,918490.298133,200.000000
1120172.294939,917732.647015,200.000000
1120261.883582,917635.937847,200.000000
1120941.859487,916726.385075,200.000000
1121268.503731,916068.524404,200.000000
1121417.415133,915720.123134,200.000000
1121684.678315,914713.861194,200.000000
1121795.566930,913707.599254,200.000000
1121776.783455,912701.337313,200.000000
1121644.522200,911695.075373,200.000000
1121406.619716,910688.813433,200.000000
1121268.503731,910289.247329,200.000000
1121064.472172,909682.551493,200.000000
1120612.297493,908676.289552,200.000000
1120261.883582,908062.273272,200.000000
1120034.934466,907670.027612,200.000000
1119310.076746,906663.765672,200.000000
1119255.263433,906599.962206,200.000000
1118392.478340,905657.503731,200.000000
1118248.643284,905523.182471,200.000000
1117242.023134,904674.935175,200.000000
1117209.827761,904651.241791,200.000000
1116235.402985,904013.929306,200.000000
1115542.937044,903644.979851,200.000000
1115295.367380,903507.699255,200.000000
1112484.845958,917147.399175,400.000000
1113215.542537,917009.817817,400.000000
1114222.162687,916871.643318,400.000000
1114776.603447,916726.385075,400.000000
1115228.782836,916589.165965,400.000000
1116235.402985,916109.785251,400.000000
1116803.366770,915720.123134,400.000000
1117242.023134,915322.224712,400.000000
1117753.836544,914713.861194,400.000000
1118248.643284,913795.921215,400.000000
1118288.274098,913707.599254,400.000000
1118546.020810,912701.337313,400.000000
1118607.901262,911695.075373,400.000000
1118498.744822,910688.813433,400.000000
1118248.643284,909764.300251,400.000000
1118226.544457,909682.551493,400.000000
1117774.719143,908676.289552,400.000000
1117242.023134,907842.025264,400.000000
1117123.938837,907670.027612,400.000000
1116235.402985,906702.115665,400.000000
1116194.429177,906663.765672,400.000000
1115228.782836,905937.958099,400.000000
1114740.975933,905657.503731,400.000000
1114254.793193,905380.141943,400.000000
1112264.926269,914113.040389,600.000000
1113063.117922,913707.599254,600.000000
1113215.542537,913622.925274,600.000000
1114222.162687,913057.749379,600.000000
1114585.404960,912701.337313,600.000000
1115154.371132,911695.075373,600.000000
1115228.782836,911194.640733,600.000000
1115287.031231,910688.813433,600.000000
1115228.782836,910377.230587,600.000000
1115090.415471,909682.551493,600.000000
1114532.879847,908676.289552,600.000000
1114222.162687,908347.467307,600.000000
1113341.582872,907670.027612,600.000000
1113215.542537,907575.651320,600.000000
1113093.471990,907469.860699,600.000000
