# Model:	C:/Users/tmenotti/Documents/STANFORD/RESEARCH/NEW_SALINAS/MODELS/PM2011/SALINAS/pm3d/02_W_SALINAS
# Data Access:	Top
# Event:	Event_11
# X, Y Unit:	meter
# Depth Unit:	meter
# Layer:	07_WEST_MONT_700x747
# Overlay:	Depth
# Overlay Unit:	meter
#
#
#                X                 Y                 Z             Value
    1790772.2500000000     606291.3750000000       -143.4103546143       -143.4103546143
    1790872.0000000000     606181.6875000000       -157.9684295654       -157.9684295654
    1790922.5000000000     606126.1250000000       -167.1744995117       -167.1744995117
    1791008.5000000000     606031.5000000000       -184.4125976563       -184.4125976563
    1791072.6250000000     605960.9375000000       -202.6589355469       -202.6589355469
    1791145.0000000000     605881.3750000000       -223.7599792480       -223.7599792480
    1791222.8750000000     605795.6875000000       -254.5998992920       -254.5998992920
    1791281.5000000000     605731.2500000000       -277.5525512695       -277.5525512695
    1791373.1250000000     605630.4375000000       -329.9694213867       -329.9694213867
    1791417.8750000000     605581.1250000000       -360.1121826172       -360.1121826172
    1791523.3750000000     605465.1875000000       -426.4173278809       -426.4173278809
    1791554.3750000000     605431.0000000000       -450.9680480957       -450.9680480957
    1791673.5000000000     605300.0000000000       -522.2880859375       -522.2880859375
    1791690.8750000000     605280.8750000000       -527.0648803711       -527.0648803711
    1791823.7500000000     605134.7500000000       -529.6309204102       -529.6309204102
    1791827.3750000000     605130.7500000000       -528.4366455078       -528.4366455078
    1791963.8750000000     604980.6250000000       -466.5411987305       -466.5411987305
    1791974.0000000000     604969.5000000000       -454.1900024414       -454.1900024414
    1792100.3750000000     604830.4375000000       -331.3714904785       -331.3714904785
    1792124.1250000000     604804.2500000000       -327.5935363770       -327.5935363770
    1792236.8750000000     604680.3125000000       -309.1408996582       -309.1408996582
    1792274.3750000000     604639.0625000000       -289.3102111816       -289.3102111816
    1792373.3750000000     604530.1875000000       -237.2051544189       -237.2051544189
    1792424.6250000000     604473.8125000000       -230.3173370361       -230.3173370361
    1792509.7500000000     604380.0625000000       -218.9650573730       -218.9650573730
    1792574.7500000000     604308.5625000000       -212.5000610352       -212.5000610352
    1792646.2500000000     604229.9375000000       -205.6440429688       -205.6440429688
    1792725.0000000000     604143.3125000000       -198.6009521484       -198.6009521484
    1792782.7500000000     604079.8125000000       -193.7705230713       -193.7705230713
    1792875.2500000000     603978.1250000000       -188.3603057861       -188.3603057861
    1792919.2500000000     603929.6875000000       -185.4176788330       -185.4176788330
    1793025.5000000000     603812.8750000000       -180.0489196777       -180.0489196777
    1793055.7500000000     603779.5625000000       -178.5655059814       -178.5655059814
    1793175.6250000000     603647.6250000000       -173.9055633545       -173.9055633545
    1793192.2500000000     603629.3750000000       -171.8380584717       -171.8380584717
    1793325.8750000000     603482.4375000000       -171.2455596924       -171.2455596924
    1793328.7500000000     603479.2500000000       -171.4906768799       -171.4906768799
    1793465.2500000000     603329.1250000000       -169.9239959717       -169.9239959717
    1793476.1250000000     603317.1875000000       -169.8925323486       -169.8925323486
    1793601.6250000000     603179.0000000000       -170.1366271973       -170.1366271973
    1793626.2500000000     603151.9375000000       -179.2244110107       -179.2244110107
    1793738.1250000000     603028.8750000000       -217.6954040527       -217.6954040527
    1793776.5000000000     602986.6875000000       -215.7557373047       -215.7557373047
    1793874.6250000000     602878.7500000000       -216.4742584229       -216.4742584229
    1793926.7500000000     602821.5000000000       -233.2105255127       -233.2105255127
    1794011.1250000000     602728.6250000000       -249.6067504883       -249.6067504883
    1794076.8750000000     602656.2500000000       -255.6707611084       -255.6707611084
    1794147.6250000000     602578.5000000000       -261.0765686035       -261.0765686035
    1794227.1250000000     602491.0000000000       -266.3827209473       -266.3827209473
    1794284.1250000000     602428.3125000000       -270.6807250977       -270.6807250977
    1794377.3750000000     602325.7500000000       -264.1827392578       -264.1827392578
    1794420.6250000000     602278.1875000000       -257.8395080566       -257.8395080566
    1794527.5000000000     602160.5625000000       -236.9165802002       -236.9165802002
    1794557.1250000000     602128.0625000000       -230.9917907715       -230.9917907715
    1794677.7500000000     601995.3125000000       -206.7327117920       -206.7327117920
    1794693.5000000000     601977.9375000000       -208.8612976074       -208.8612976074
    1794828.0000000000     601830.0625000000       -223.4419708252       -223.4419708252
    1794830.0000000000     601827.8125000000       -224.1293640137       -224.1293640137
    1794966.5000000000     601677.6875000000       -235.7369384766       -235.7369384766
    1794978.2500000000     601664.8125000000       -235.5157012939       -235.5157012939
    1795103.0000000000     601527.5625000000       -243.5320434570       -243.5320434570
    1795128.3750000000     601499.6250000000       -253.4684753418       -253.4684753418
    1795239.5000000000     601377.4375000000       -337.0264892578       -337.0264892578
    1795278.6250000000     601334.3750000000       -367.8163757324       -367.8163757324
    1795376.0000000000     601227.2500000000       -430.7344055176       -430.7344055176
    1795428.8750000000     601169.1250000000       -438.1149597168       -438.1149597168
    1795512.5000000000     601077.1250000000       -435.7982177734       -435.7982177734
    1795579.0000000000     601003.9375000000       -436.5469360352       -436.5469360352
    1795649.0000000000     600927.0000000000       -442.9049072266       -442.9049072266
    1795729.2500000000     600838.6875000000       -454.2416381836       -454.2416381836
    1795785.3750000000     600776.8750000000       -458.3344421387       -458.3344421387
    1795879.5000000000     600673.4375000000       -452.6280822754       -452.6280822754
    1795921.8750000000     600626.7500000000       -445.4940185547       -445.4940185547
    1796029.6250000000     600508.1875000000       -423.1643676758       -423.1643676758
    1796058.3750000000     600476.6250000000       -416.6364440918       -416.6364440918
    1796179.8750000000     600343.0000000000       -395.1217956543       -395.1217956543
    1796194.8750000000     600326.5000000000       -390.4286193848       -390.4286193848
    1796281.3750000000     600231.3750000000       -375.4006958008       -375.4006958008
    1796323.0000000000     600176.3125000000       -365.2052001953       -365.2052001953
    1796330.1250000000     600167.0000000000       -363.7660217285       -363.7660217285
    1796436.7500000000     600026.1875000000       -338.2249755859       -338.2249755859
    1796480.3750000000     599968.5625000000       -336.7041625977       -336.7041625977
    1796550.3750000000     599876.0625000000       -345.4319763184       -345.4319763184
    1796630.5000000000     599770.1875000000       -360.9623413086       -360.9623413086
    1796664.0000000000     599725.9375000000       -369.4633178711       -369.4633178711
    1796777.7500000000     599575.8125000000       -399.9903259277       -399.9903259277
    1796780.7500000000     599571.8125000000       -400.6210632324       -400.6210632324
    1796891.3750000000     599425.6875000000       -439.3323059082       -439.3323059082
    1796931.0000000000     599373.3750000000       -448.7301025391       -448.7301025391
    1797005.0000000000     599275.5625000000       -469.6651000977       -469.6651000977
    1797081.1250000000     599175.0000000000       -488.2152404785       -488.2152404785
    1797118.7500000000     599125.4375000000       -480.4309997559       -480.4309997559
    1797231.3750000000     598976.6250000000       -458.1324157715       -458.1324157715
    1797232.3750000000     598975.2500000000       -457.7600097656       -457.7600097656
    1797346.1250000000     598825.1250000000       -428.8554077148       -428.8554077148
    1797381.6250000000     598778.2500000000       -429.5776062012       -429.5776062012
    1797459.7500000000     598675.0000000000       -454.7805786133       -454.7805786133
    1797531.7500000000     598579.8125000000       -471.3145751953       -471.3145751953
    1797573.3750000000     598524.8750000000       -482.9968261719       -482.9968261719
    1797682.0000000000     598381.4375000000       -474.1428833008       -474.1428833008
    1797687.1250000000     598374.7500000000       -473.9030761719       -473.9030761719
    1797800.7500000000     598224.6250000000       -483.9495239258       -483.9495239258
    1797832.2500000000     598183.0625000000       -498.2369384766       -498.2369384766
    1797914.3750000000     598074.5000000000       -529.1254882813       -529.1254882813
    1797982.3750000000     597984.6250000000       -534.0450439453       -534.0450439453
    1798028.1250000000     597924.3750000000       -524.8259277344       -524.8259277344
    1798132.6250000000     597786.2500000000       -470.1950073242       -470.1950073242
    1798141.7500000000     597774.1875000000       -465.2282714844       -465.2282714844
    1798255.5000000000     597624.0625000000       -418.6258850098       -418.6258850098
    1798282.8750000000     597587.8750000000       -413.4445190430       -413.4445190430
    1798369.1250000000     597473.9375000000       -405.1199951172       -405.1199951172
    1798433.1250000000     597389.5000000000       -401.0839538574       -401.0839538574
    1798482.7500000000     597323.8125000000       -395.0818786621       -395.0818786621
    1798583.2500000000     597191.0625000000       -406.7810363770       -406.7810363770
    1798596.5000000000     597173.6875000000       -408.7999572754       -408.7999572754
    1798710.1250000000     597023.5625000000       -422.3457641602       -422.3457641602
    1798733.5000000000     596992.6875000000       -424.1859436035       -424.1859436035
    1798823.7500000000     596873.4375000000       -433.2841186523       -433.2841186523
    1798883.7500000000     596794.3125000000       -429.4041442871       -429.4041442871
    1798937.5000000000     596723.3125000000       -416.8082275391       -416.8082275391
    1806237.5000000000     584862.7500000000       -406.3541259766       -406.3541259766
    1806237.5000000000     584712.6250000000       -413.3800354004       -413.3800354004
    1806237.5000000000     584562.5000000000       -419.8126220703       -419.8126220703
    1806237.5000000000     584412.3750000000       -435.6188049316       -435.6188049316
    1806237.5000000000     584262.2500000000       -465.7465820313       -465.7465820313
    1806237.5000000000     584112.1250000000       -496.6096191406       -496.6096191406
    1806237.5000000000     583962.0000000000       -528.5877075195       -528.5877075195
    1806237.5000000000     583811.8750000000       -553.2403564453       -553.2403564453
    1806237.5000000000     583661.6875000000       -566.8646850586       -566.8646850586
    1806237.5000000000     583511.5625000000       -570.6315307617       -570.6315307617
    1806237.5000000000     583361.4375000000       -559.6669921875       -559.6669921875
    1806237.5000000000     583211.3125000000       -552.1005859375       -552.1005859375
    1806237.5000000000     583061.1875000000       -549.5752563477       -549.5752563477
    1806237.5000000000     582911.0625000000       -557.8235473633       -557.8235473633
    1806237.5000000000     582760.9375000000       -581.9371948242       -581.9371948242
    1806237.5000000000     582610.7500000000       -581.7346191406       -581.7346191406
    1806237.5000000000     582460.6250000000       -545.9857788086       -545.9857788086
    1806237.5000000000     582310.5000000000       -513.7884521484       -513.7884521484
    1806237.5000000000     582160.3750000000       -486.7450866699       -486.7450866699
    1806237.5000000000     582010.2500000000       -475.3729858398       -475.3729858398
    1806237.5000000000     581860.1250000000       -486.5763549805       -486.5763549805
    1806237.5000000000     581710.0000000000       -492.0921325684       -492.0921325684
    1806237.5000000000     581559.8750000000       -489.4741821289       -489.4741821289
    1806237.5000000000     581409.6875000000       -486.0944824219       -486.0944824219
    1806237.5000000000     581259.5625000000       -481.6332702637       -481.6332702637
    1806237.5000000000     581109.4375000000       -474.0909729004       -474.0909729004
    1806237.5000000000     580959.3125000000       -462.2062988281       -462.2062988281
    1806237.5000000000     580809.1875000000       -456.1043395996       -456.1043395996
    1806237.5000000000     580659.0625000000       -458.0931701660       -458.0931701660
    1806237.5000000000     580508.9375000000       -466.9692687988       -466.9692687988
    1806237.5000000000     580358.8125000000       -485.4115905762       -485.4115905762
    1806237.5000000000     580208.6250000000       -485.4080200195       -485.4080200195
    1806237.5000000000     580058.5000000000       -459.9686889648       -459.9686889648
    1806237.5000000000     579908.3750000000       -445.3164367676       -445.3164367676
    1806237.5000000000     579758.2500000000       -445.4309387207       -445.4309387207
    1806237.5000000000     579608.1250000000       -420.9307861328       -420.9307861328
    1806237.5000000000     579458.0000000000       -418.0886230469       -418.0886230469
    1806237.5000000000     579307.8750000000       -415.2464904785       -415.2464904785
    1806237.5000000000     579157.7500000000       -410.2487182617       -410.2487182617
    1806237.5000000000     579007.5625000000       -403.8407287598       -403.8407287598
    1806237.5000000000     578857.4375000000       -389.6390991211       -389.6390991211
    1806237.5000000000     578707.3125000000       -306.2312622070       -306.2312622070
    1806237.5000000000     578557.1875000000       -290.9978332520       -290.9978332520
    1806237.5000000000     578407.0625000000       -283.5414428711       -283.5414428711
    1806237.5000000000     578256.9375000000       -280.8457946777       -280.8457946777
    1806237.5000000000     578106.8125000000       -281.4434814453       -281.4434814453
    1806237.5000000000     577956.6875000000       -282.6192932129       -282.6192932129
    1806237.5000000000     577806.5000000000       -285.4876403809       -285.4876403809
    1806237.5000000000     577656.3750000000       -289.2935485840       -289.2935485840
    1806237.5000000000     577506.2500000000       -287.9400329590       -287.9400329590
    1806237.5000000000     577356.1250000000       -294.9093627930       -294.9093627930
    1806237.5000000000     577206.0000000000       -301.8633422852       -301.8633422852
    1806237.5000000000     577055.8750000000       -289.5062561035       -289.5062561035
    1806237.5000000000     576905.7500000000       -265.1569213867       -265.1569213867
    1806237.5000000000     576755.5625000000       -240.8075714111       -240.8075714111
    1806237.5000000000     576605.4375000000       -219.2494049072       -219.2494049072
    1806237.5000000000     576455.3125000000       -198.3065338135       -198.3065338135
    1806237.5000000000     576305.1875000000       -177.5536193848       -177.5536193848
    1806237.5000000000     576155.0625000000       -166.9309234619       -166.9309234619
    1806237.5000000000     576004.9375000000       -155.2815704346       -155.2815704346
    1806237.5000000000     575854.8125000000       -146.0777587891       -146.0777587891
    1806237.5000000000     575716.6250000000       -139.0593566895       -139.0593566895
    1806244.1250000000     575715.5625000000       -138.9889221191       -138.9889221191
    1806308.1250000000     575704.6875000000       -138.4594573975       -138.4594573975
    1806394.2500000000     575690.0625000000       -137.8939666748       -137.8939666748
    1806544.5000000000     575664.5625000000       -135.8083038330       -135.8083038330
    1806694.7500000000     575639.0625000000       -134.6239318848       -134.6239318848
    1806845.0000000000     575613.6250000000       -135.4318695068       -135.4318695068
    1806995.1250000000     575588.1250000000       -138.9817657471       -138.9817657471
    1807145.3750000000     575562.6250000000       -141.8416137695       -141.8416137695
    1807193.1250000000     575554.5000000000       -143.5605773926       -143.5605773926
    1807295.6250000000     575537.1250000000       -147.1786804199       -147.1786804199
    1807445.7500000000     575511.6875000000       -153.9978027344       -153.9978027344
    1807596.0000000000     575486.1875000000       -159.4669952393       -159.4669952393
    1807746.2500000000     575460.6875000000       -163.5162506104       -163.5162506104
    1807896.3750000000     575435.2500000000       -166.1639709473       -166.1639709473
    1808046.6250000000     575409.7500000000       -167.4308166504       -167.4308166504
    1808078.1250000000     575404.3750000000       -168.2576446533       -168.2576446533
    1808196.8750000000     575384.2500000000       -171.1755981445       -171.1755981445
    1808347.1250000000     575358.7500000000       -174.2796173096       -174.2796173096
    1808497.2500000000     575333.3125000000       -177.0720214844       -177.0720214844
    1808647.5000000000     575307.8125000000       -183.1045684814       -183.1045684814
    1808797.7500000000     575282.3125000000       -189.1675567627       -189.1675567627
    1808947.8750000000     575256.8750000000       -197.3160858154       -197.3160858154
    1808963.1250000000     575254.2500000000       -198.5398864746       -198.5398864746
    1809098.1250000000     575231.3750000000       -209.4567871094       -209.4567871094
    1809248.3750000000     575205.8750000000       -221.7611083984       -221.7611083984
    1809398.5000000000     575180.3750000000       -236.1982421875       -236.1982421875
    1809548.7500000000     575154.9375000000       -253.1424865723       -253.1424865723
    1809699.0000000000     575129.4375000000       -271.2000732422       -271.2000732422
    1809848.1250000000     575104.1250000000       -288.0475158691       -288.0475158691
    1809849.1250000000     575103.9375000000       -288.1642456055       -288.1642456055
    1809999.3750000000     575078.5000000000       -304.7546386719       -304.7546386719
    1810149.6250000000     575053.0000000000       -322.4246520996       -322.4246520996
    1810299.8750000000     575027.5000000000       -336.0344543457       -336.0344543457
    1810450.0000000000     575002.0000000000       -350.5152282715       -350.5152282715
    1810600.2500000000     574976.5625000000       -375.5559692383       -375.5559692383
    1810733.1250000000     574954.0000000000       -364.8365173340       -364.8365173340
    1810750.5000000000     574951.0625000000       -364.9856872559       -364.9856872559
    1810900.6250000000     574925.5625000000       -366.8190612793       -366.8190612793
    1811050.8750000000     574900.0625000000       -436.5910949707       -436.5910949707
    1811201.1250000000     574874.6250000000       -427.4318847656       -427.4318847656
    1811351.2500000000     574849.1250000000       -426.7272644043       -426.7272644043
    1811501.5000000000     574823.6250000000       -428.2068481445       -428.2068481445
    1811618.1250000000     574803.8750000000       -428.7424011230       -428.7424011230
    1811651.7500000000     574798.1875000000       -428.6344299316       -428.6344299316
    1811802.0000000000     574772.6875000000       -427.9380798340       -427.9380798340
    1811952.1250000000     574747.1875000000       -420.8064270020       -420.8064270020
    1812102.3750000000     574721.6875000000       -414.1496887207       -414.1496887207
    1812252.6250000000     574696.2500000000       -418.1283569336       -418.1283569336
    1812402.7500000000     574670.7500000000       -423.9984436035       -423.9984436035
    1812503.1250000000     574653.7500000000       -423.1989135742       -423.1989135742
    1812553.0000000000     574645.2500000000       -423.2845458984       -423.2845458984
    1812703.2500000000     574619.8125000000       -424.7490539551       -424.7490539551
    1812853.3750000000     574594.3125000000       -456.2994079590       -456.2994079590
    1813003.6250000000     574568.8125000000       -492.9394226074       -492.9394226074
    1813153.8750000000     574543.3125000000       -517.5698852539       -517.5698852539
    1813304.0000000000     574517.8750000000       -537.4398803711       -537.4398803711
    1813388.1250000000     574503.6250000000       -524.3537597656       -524.3537597656
    1813454.2500000000     574492.3750000000       -512.6694946289       -512.6694946289
    1813604.5000000000     574466.8750000000       -475.6799926758       -475.6799926758
    1813754.7500000000     574441.4375000000       -459.1041259766       -459.1041259766
    1813904.8750000000     574415.9375000000       -457.1753234863       -457.1753234863
    1814055.1250000000     574390.4375000000       -464.5768127441       -464.5768127441
    1814205.3750000000     574364.9375000000       -469.0163879395       -469.0163879395
    1814273.1250000000     574353.4375000000       -470.1221618652       -470.1221618652
    1814355.5000000000     574339.5000000000       -469.9111022949       -469.9111022949
    1814505.7500000000     574314.0000000000       -467.3187255859       -467.3187255859
    1814656.0000000000     574288.5000000000       -464.6050720215       -464.6050720215
    1814806.1250000000     574263.0625000000       -464.8756713867       -464.8756713867
    1814956.3750000000     574237.5625000000       -499.2198791504       -499.2198791504
    1815106.6250000000     574212.0625000000       -544.0233764648       -544.0233764648
    1815158.1250000000     574203.3125000000       -546.8364257813       -546.8364257813
    1815256.8750000000     574186.5625000000       -548.4693603516       -548.4693603516
    1815407.0000000000     574161.1250000000       -544.0449829102       -544.0449829102
    1815557.2500000000     574135.6250000000       -518.4349365234       -518.4349365234
    1815707.5000000000     574110.1250000000       -488.3928833008       -488.3928833008
    1815857.6250000000     574084.6250000000       -506.7318115234       -506.7318115234
    1816007.8750000000     574059.1875000000       -538.2370605469       -538.2370605469
    1816043.1250000000     574053.1875000000       -538.6694946289       -538.6694946289
    1816158.1250000000     574033.6875000000       -537.7486572266       -537.7486572266
    1816308.2500000000     574008.1875000000       -528.3057250977       -528.3057250977
    1816458.5000000000     573982.7500000000       -549.1215820313       -549.1215820313
    1816608.7500000000     573957.2500000000       -576.3009643555       -576.3009643555
    1816757.2500000000     573932.0625000000       -560.1070556641       -560.1070556641
