# Model:	C:/Users/tmenotti/Documents/STANFORD/RESEARCH/NEW_SALINAS/MODELS/PM2011/SALINAS/pm3d/02_W_SALINAS
# Data Access:	Top
# Event:	Event_11
# X, Y Unit:	meter
# Depth Unit:	meter
# Layer:	01_WEST_BSMT_EXTENT_700x747
# Overlay:	Depth
# Overlay Unit:	meter
#
#
#                X                 Y                 Z             Value
    1785292.0000000000     607651.5000000000       1223.0319824219       1223.0319824219
    1785364.6250000000     607637.0000000000       1232.7846679688       1232.7846679688
    1785514.8750000000     607606.9375000000       1251.1411132813       1251.1411132813
    1785665.0000000000     607576.8750000000       1268.1077880859       1268.1077880859
    1785761.6250000000     607557.5625000000       1278.6583251953       1278.6583251953
    1785815.2500000000     607545.1875000000       1284.9813232422       1284.9813232422
    1785868.7500000000     607532.8750000000       1291.4306640625       1291.4306640625
    1785965.5000000000     607510.5625000000       1303.0961914063       1303.0961914063
    1786115.7500000000     607475.8750000000       1322.9171142578       1322.9171142578
    1786265.8750000000     607441.2500000000       1343.4775390625       1343.4775390625
    1786416.1250000000     607406.5625000000       1364.2215576172       1364.2215576172
    1786519.3750000000     607382.7500000000       1378.7336425781       1378.7336425781
    1786566.3750000000     607371.8750000000       1386.0844726563       1386.0844726563
    1786716.5000000000     607337.2500000000       1409.0622558594       1409.0622558594
    1786866.7500000000     607302.5625000000       1432.1669921875       1432.1669921875
    1787017.0000000000     607267.8750000000       1456.4235839844       1456.4235839844
    1787167.1250000000     607233.2500000000       1479.3942871094       1479.3942871094
    1787170.0000000000     607232.6250000000       1479.8054199219       1479.8054199219
    1787317.3750000000     607198.5625000000       1502.1843261719       1502.1843261719
    1787467.6250000000     607163.9375000000       1525.5072021484       1525.5072021484
    1787617.7500000000     607129.2500000000       1544.1647949219       1544.1647949219
    1787768.0000000000     607094.5625000000       1563.7896728516       1563.7896728516
    1787820.5000000000     607082.4375000000       1571.1124267578       1571.1124267578
    1787918.2500000000     607059.9375000000       1585.1901855469       1585.1901855469
    1788068.5000000000     607025.2500000000       1604.8693847656       1604.8693847656
    1788218.6250000000     606990.5625000000       1623.8375244141       1623.8375244141
    1788368.8750000000     606955.9375000000       1645.3684082031       1645.3684082031
    1788471.1250000000     606932.3125000000       1663.1456298828       1663.1456298828
    1788519.1250000000     606921.2500000000       1672.1499023438       1672.1499023438
    1788669.2500000000     606886.5625000000       1701.0825195313       1701.0825195313
    1788819.5000000000     606851.9375000000       1734.1331787109       1734.1331787109
    1788969.7500000000     606817.2500000000       1770.0194091797       1770.0194091797
    1789119.8750000000     606782.6250000000       1806.5695800781       1806.5695800781
    1789121.6250000000     606782.1875000000       1807.0407714844       1807.0407714844
    1789270.1250000000     606747.9375000000       1846.2933349609       1846.2933349609
    1789420.3750000000     606713.2500000000       1885.8635253906       1885.8635253906
    1789570.6250000000     606678.6250000000       1924.5024414063       1924.5024414063
    1789720.7500000000     606643.9375000000       1952.2484130859       1952.2484130859
    1789772.2500000000     606632.0625000000       1962.0067138672       1962.0067138672
    1789871.0000000000     606609.2500000000       1979.4080810547       1979.4080810547
    1790021.2500000000     606574.6250000000       2007.9254150391       2007.9254150391
    1790171.3750000000     606539.9375000000       2032.7871093750       2032.7871093750
    1790321.6250000000     606505.3125000000       2049.7519531250       2049.7519531250
    1790422.8750000000     606481.9375000000       2053.0998535156       2053.0998535156
    1790471.8750000000     606470.6250000000       2054.7143554688       2054.7143554688
    1790622.0000000000     606435.9375000000       2056.7412109375       2056.7412109375
    1790645.7500000000     606430.5000000000       2057.5708007813       2057.5708007813
    1790735.5000000000     606331.8125000000       2092.1818847656       2092.1818847656
    1790772.2500000000     606291.3750000000       2105.7817382813       2105.7817382813
    1790872.0000000000     606181.6875000000       2148.4895019531       2148.4895019531
    1790922.5000000000     606126.1250000000       2166.2619628906       2166.2619628906
    1791008.5000000000     606031.5000000000       2199.2734375000       2199.2734375000
    1791072.6250000000     605960.9375000000       2221.8527832031       2221.8527832031
    1791145.0000000000     605881.3750000000       2245.9479980469       2245.9479980469
    1791222.8750000000     605795.6875000000       2261.6394042969       2261.6394042969
    1791281.5000000000     605731.2500000000       2272.1286621094       2272.1286621094
    1791373.1250000000     605630.4375000000       2284.5617675781       2284.5617675781
    1791417.8750000000     605581.1250000000       2291.4511718750       2291.4511718750
    1791523.3750000000     605465.1875000000       2304.9499511719       2304.9499511719
    1791554.3750000000     605431.0000000000       2309.7702636719       2309.7702636719
    1791673.5000000000     605300.0000000000       2326.9084472656       2326.9084472656
    1791690.8750000000     605280.8750000000       2330.0847167969       2330.0847167969
    1791823.7500000000     605134.7500000000       2352.8090820313       2352.8090820313
    1791827.3750000000     605130.7500000000       2353.4702148438       2353.4702148438
    1791963.8750000000     604980.6250000000       2374.4003906250       2374.4003906250
    1791974.0000000000     604969.5000000000       2375.5766601563       2375.5766601563
    1792100.3750000000     604830.4375000000       2385.1245117188       2385.1245117188
    1792124.1250000000     604804.2500000000       2386.3203125000       2386.3203125000
    1792236.8750000000     604680.3125000000       2389.5322265625       2389.5322265625
    1792274.3750000000     604639.0625000000       2390.6721191406       2390.6721191406
    1792373.3750000000     604530.1875000000       2392.8112792969       2392.8112792969
    1792424.6250000000     604473.8125000000       2394.3991699219       2394.3991699219
    1792509.7500000000     604380.0625000000       2405.3183593750       2405.3183593750
    1792574.7500000000     604308.5625000000       2415.9243164063       2415.9243164063
    1792646.2500000000     604229.9375000000       2430.3620605469       2430.3620605469
    1792725.0000000000     604143.3125000000       2446.0964355469       2446.0964355469
    1792782.7500000000     604079.8125000000       2457.3298339844       2457.3298339844
    1792875.2500000000     603978.1250000000       2473.1191406250       2473.1191406250
    1792919.2500000000     603929.6875000000       2479.3444824219       2479.3444824219
    1793025.5000000000     603812.8750000000       2492.9521484375       2492.9521484375
    1793055.7500000000     603779.5625000000       2496.0026855469       2496.0026855469
    1793175.6250000000     603647.6250000000       2503.2036132813       2503.2036132813
    1793192.2500000000     603629.3750000000       2503.4772949219       2503.4772949219
    1793325.8750000000     603482.4375000000       2502.2480468750       2502.2480468750
    1793328.7500000000     603479.2500000000       2502.2285156250       2502.2285156250
    1793465.2500000000     603329.1250000000       2503.5915527344       2503.5915527344
    1793476.1250000000     603317.1875000000       2503.8549804688       2503.8549804688
    1793601.6250000000     603179.0000000000       2505.9838867188       2505.9838867188
    1793626.2500000000     603151.9375000000       2506.3566894531       2506.3566894531
    1793738.1250000000     603028.8750000000       2508.3325195313       2508.3325195313
    1793776.5000000000     602986.6875000000       2508.8852539063       2508.8852539063
    1793874.6250000000     602878.7500000000       2509.3261718750       2509.3261718750
    1793926.7500000000     602821.5000000000       2508.8188476563       2508.8188476563
    1794011.1250000000     602728.6250000000       2506.6362304688       2506.6362304688
    1794076.8750000000     602656.2500000000       2504.3896484375       2504.3896484375
    1794147.6250000000     602578.5000000000       2501.7011718750       2501.7011718750
    1794227.1250000000     602491.0000000000       2498.0415039063       2498.0415039063
    1794284.1250000000     602428.3125000000       2495.8642578125       2495.8642578125
    1794377.3750000000     602325.7500000000       2488.5314941406       2488.5314941406
    1794420.6250000000     602278.1875000000       2485.8532714844       2485.8532714844
    1794527.5000000000     602160.5625000000       2476.6259765625       2476.6259765625
    1794557.1250000000     602128.0625000000       2474.1804199219       2474.1804199219
    1794677.7500000000     601995.3125000000       2461.6293945313       2461.6293945313
    1794693.5000000000     601977.9375000000       2460.4694824219       2460.4694824219
    1794828.0000000000     601830.0625000000       2452.6528320313       2452.6528320313
    1794830.0000000000     601827.8125000000       2452.5720214844       2452.5720214844
    1794966.5000000000     601677.6875000000       2450.7866210938       2450.7866210938
    1794978.2500000000     601664.8125000000       2451.1564941406       2451.1564941406
    1795103.0000000000     601527.5625000000       2456.1325683594       2456.1325683594
    1795128.3750000000     601499.6250000000       2457.0681152344       2457.0681152344
    1795239.5000000000     601377.4375000000       2460.4250488281       2460.4250488281
    1795278.6250000000     601334.3750000000       2459.8015136719       2459.8015136719
    1795376.0000000000     601227.2500000000       2458.3610839844       2458.3610839844
    1795428.8750000000     601169.1250000000       2456.1472167969       2456.1472167969
    1795512.5000000000     601077.1250000000       2449.8830566406       2449.8830566406
    1795579.0000000000     601003.9375000000       2442.6777343750       2442.6777343750
    1795649.0000000000     600927.0000000000       2435.4987792969       2435.4987792969
    1795729.2500000000     600838.6875000000       2426.6516113281       2426.6516113281
    1795785.3750000000     600776.8750000000       2420.1455078125       2420.1455078125
    1795879.5000000000     600673.4375000000       2409.3100585938       2409.3100585938
    1795921.8750000000     600626.7500000000       2404.7724609375       2404.7724609375
    1796029.6250000000     600508.1875000000       2395.3388671875       2395.3388671875
    1796058.3750000000     600476.6250000000       2392.5563964844       2392.5563964844
    1796179.8750000000     600343.0000000000       2388.5334472656       2388.5334472656
    1796194.8750000000     600326.5000000000       2387.9543457031       2387.9543457031
    1796281.3750000000     600231.3750000000       2388.1296386719       2388.1296386719
    1796323.0000000000     600176.3125000000       2387.9672851563       2387.9672851563
    1796330.1250000000     600167.0000000000       2388.0097656250       2388.0097656250
    1796436.7500000000     600026.1875000000       2386.2080078125       2386.2080078125
    1796480.3750000000     599968.5625000000       2384.4299316406       2384.4299316406
    1796550.3750000000     599876.0625000000       2379.6245117188       2379.6245117188
    1796630.5000000000     599770.1875000000       2372.3837890625       2372.3837890625
    1796664.0000000000     599725.9375000000       2369.0668945313       2369.0668945313
    1796777.7500000000     599575.8125000000       2356.8657226563       2356.8657226563
    1796780.7500000000     599571.8125000000       2356.5163574219       2356.5163574219
    1796891.3750000000     599425.6875000000       2343.7194824219       2343.7194824219
    1796931.0000000000     599373.3750000000       2338.6491699219       2338.6491699219
    1797005.0000000000     599275.5625000000       2327.1281738281       2327.1281738281
    1797081.1250000000     599175.0000000000       2313.2058105469       2313.2058105469
    1797118.7500000000     599125.4375000000       2305.5600585938       2305.5600585938
    1797231.3750000000     598976.6250000000       2284.6206054688       2284.6206054688
    1797232.3750000000     598975.2500000000       2284.4201660156       2284.4201660156
    1797346.1250000000     598825.1250000000       2268.7583007813       2268.7583007813
    1797381.6250000000     598778.2500000000       2265.0483398438       2265.0483398438
    1797459.7500000000     598675.0000000000       2257.2431640625       2257.2431640625
    1797531.7500000000     598579.8125000000       2249.0070800781       2249.0070800781
    1797573.3750000000     598524.8750000000       2243.5090332031       2243.5090332031
    1797682.0000000000     598381.4375000000       2226.3598632813       2226.3598632813
    1797687.1250000000     598374.7500000000       2225.5966796875       2225.5966796875
    1797800.7500000000     598224.6250000000       2209.8127441406       2209.8127441406
    1797832.2500000000     598183.0625000000       2205.5192871094       2205.5192871094
    1797914.3750000000     598074.5000000000       2195.2485351563       2195.2485351563
    1797982.3750000000     597984.6250000000       2187.4082031250       2187.4082031250
    1798028.1250000000     597924.3750000000       2180.8859863281       2180.8859863281
    1798132.6250000000     597786.2500000000       2168.8410644531       2168.8410644531
    1798141.7500000000     597774.1875000000       2167.9260253906       2167.9260253906
    1798255.5000000000     597624.0625000000       2155.6589355469       2155.6589355469
    1798282.8750000000     597587.8750000000       2153.0358886719       2153.0358886719
    1798369.1250000000     597473.9375000000       2145.6511230469       2145.6511230469
    1798433.1250000000     597389.5000000000       2141.3754882813       2141.3754882813
    1798482.7500000000     597323.8125000000       2137.6413574219       2137.6413574219
    1798583.2500000000     597191.0625000000       2126.9335937500       2126.9335937500
    1798596.5000000000     597173.6875000000       2125.7268066406       2125.7268066406
    1798710.1250000000     597023.5625000000       2114.1677246094       2114.1677246094
    1798733.5000000000     596992.6875000000       2111.7590332031       2111.7590332031
    1798823.7500000000     596873.4375000000       2102.2397460938       2102.2397460938
    1798883.7500000000     596794.3125000000       2094.5681152344       2094.5681152344
    1798937.5000000000     596723.3125000000       2087.3981933594       2087.3981933594
    1799033.8750000000     596595.8750000000       2076.5144042969       2076.5144042969
    1799051.1250000000     596573.1250000000       2074.7224121094       2074.7224121094
    1799164.8750000000     596423.0000000000       2063.0183105469       2063.0183105469
    1799184.1250000000     596397.5000000000       2060.7775878906       2060.7775878906
    1799278.5000000000     596272.8750000000       2047.8055419922       2047.8055419922
    1799334.3750000000     596199.1250000000       2040.5120849609       2040.5120849609
    1799392.1250000000     596122.7500000000       2032.3306884766       2032.3306884766
    1799484.5000000000     596000.7500000000       2018.5797119141       2018.5797119141
    1799505.8750000000     595972.6250000000       2015.5708007813       2015.5708007813
    1799619.5000000000     595822.5000000000       1998.6429443359       1998.6429443359
    1799634.7500000000     595802.3125000000       1996.4576416016       1996.4576416016
    1799733.1250000000     595672.3750000000       1979.5452880859       1979.5452880859
    1799785.0000000000     595603.9375000000       1970.0252685547       1970.0252685547
    1799846.8750000000     595522.1875000000       1958.7896728516       1958.7896728516
    1799935.2500000000     595405.5625000000       1942.8243408203       1942.8243408203
    1799960.5000000000     595372.0625000000       1938.3621826172       1938.3621826172
    1800074.2500000000     595221.9375000000       1919.5242919922       1919.5242919922
    1800085.3750000000     595207.1250000000       1917.7243652344       1917.7243652344
    1800187.8750000000     595071.8125000000       1899.8670654297       1899.8670654297
    1800235.6250000000     595008.7500000000       1891.9923095703       1891.9923095703
    1800301.5000000000     594921.6875000000       1881.8330078125       1881.8330078125
    1800385.8750000000     594810.3750000000       1869.4825439453       1869.4825439453
    1800415.2500000000     594771.5625000000       1865.4107666016       1865.4107666016
    1800528.8750000000     594621.4375000000       1850.4475097656       1850.4475097656
    1800536.0000000000     594612.0000000000       1849.5736083984       1849.5736083984
    1800642.5000000000     594471.3125000000       1835.9296875000       1835.9296875000
    1800686.2500000000     594413.5625000000       1830.5090332031       1830.5090332031
    1800756.2500000000     594321.1250000000       1822.8385009766       1822.8385009766
    1800836.5000000000     594215.1875000000       1813.4443359375       1813.4443359375
    1800869.8750000000     594171.0000000000       1809.6829833984       1809.6829833984
    1800983.6250000000     594020.8750000000       1795.6280517578       1795.6280517578
    1800986.6250000000     594016.8125000000       1795.1390380859       1795.1390380859
    1801097.2500000000     593870.7500000000       1777.4558105469       1777.4558105469
    1801136.8750000000     593818.3750000000       1770.3286132813       1770.3286132813
    1801210.8750000000     593720.6250000000       1757.7799072266       1757.7799072266
    1801287.1250000000     593620.0000000000       1747.8947753906       1747.8947753906
    1801324.6250000000     593570.5000000000       1744.2275390625       1744.2275390625
    1801437.2500000000     593421.6250000000       1733.3034667969       1733.3034667969
    1801438.2500000000     593420.3750000000       1733.2138671875       1733.2138671875
    1801551.8750000000     593270.2500000000       1727.9145507813       1727.9145507813
    1801587.5000000000     593223.1875000000       1730.4174804688       1730.4174804688
    1801665.6250000000     593120.0625000000       1739.1159667969       1739.1159667969
    1801737.7500000000     593024.8125000000       1733.0302734375       1733.0302734375
    1801779.2500000000     592969.9375000000       1729.7508544922       1729.7508544922
    1801888.0000000000     592826.4375000000       1676.6853027344       1676.6853027344
    1801893.0000000000     592819.8125000000       1674.3070068359       1674.3070068359
    1802006.6250000000     592669.6875000000       1658.7753906250       1658.7753906250
    1802038.1250000000     592628.0625000000       1655.4613037109       1655.4613037109
    1802120.2500000000     592519.5625000000       1640.7210693359       1640.7210693359
    1802188.3750000000     592429.6250000000       1613.7933349609       1613.7933349609
    1802234.0000000000     592369.4375000000       1592.0457763672       1592.0457763672
    1802338.6250000000     592231.2500000000       1550.7584228516       1550.7584228516
    1802347.6250000000     592219.3125000000       1544.5349121094       1544.5349121094
    1802461.2500000000     592069.1875000000       1457.1447753906       1457.1447753906
    1802488.7500000000     592032.8750000000       1443.8754882813       1443.8754882813
    1802575.0000000000     591919.0000000000       1419.0092773438       1419.0092773438
    1802639.0000000000     591834.4375000000       1409.1105957031       1409.1105957031
    1802688.6250000000     591768.8750000000       1404.8668212891       1404.8668212891
    1802789.2500000000     591636.0625000000       1397.7757568359       1397.7757568359
    1802802.3750000000     591618.7500000000       1397.1749267578       1397.1749267578
    1802916.0000000000     591468.6250000000       1394.2854003906       1394.2854003906
    1802939.3750000000     591437.6875000000       1395.9777832031       1395.9777832031
    1803029.6250000000     591318.5000000000       1404.2984619141       1404.2984619141
    1803089.6250000000     591239.3125000000       1413.5788574219       1413.5788574219
    1803143.3750000000     591168.3750000000       1422.9254150391       1422.9254150391
    1803239.8750000000     591040.8750000000       1449.3851318359       1449.3851318359
    1803257.0000000000     591018.2500000000       1454.7567138672       1454.7567138672
    1803370.7500000000     590868.1250000000       1496.5334472656       1496.5334472656
    1803390.1250000000     590842.5000000000       1502.5070800781       1502.5070800781
    1803484.3750000000     590717.9375000000       1538.1591796875       1538.1591796875
    1803540.2500000000     590644.1250000000       1563.0279541016       1563.0279541016
    1803598.0000000000     590567.8125000000       1602.0502929688       1602.0502929688
    1803690.5000000000     590445.6875000000       1658.1546630859       1658.1546630859
    1803711.7500000000     590417.6875000000       1674.9079589844       1674.9079589844
    1803825.3750000000     590267.5625000000       1774.7617187500       1774.7617187500
    1803840.7500000000     590247.3125000000       1786.2409667969       1786.2409667969
    1803939.0000000000     590117.4375000000       1801.2420654297       1801.2420654297
    1803990.8750000000     590048.9375000000       1791.2141113281       1791.2141113281
    1804052.7500000000     589967.3125000000       1752.4276123047       1752.4276123047
    1804141.1250000000     589850.5625000000       1715.9973144531       1715.9973144531
    1804166.3750000000     589817.1875000000       1712.0454101563       1712.0454101563
    1804280.1250000000     589667.0000000000       1719.4846191406       1719.4846191406
    1804291.3750000000     589652.1250000000       1720.9833984375       1720.9833984375
    1804393.7500000000     589516.8750000000       1742.0753173828       1742.0753173828
    1804441.5000000000     589453.7500000000       1751.5534667969       1751.5534667969
    1804507.3750000000     589366.7500000000       1768.1313476563       1768.1313476563
    1804591.7500000000     589255.3750000000       1786.7330322266       1786.7330322266
    1804621.1250000000     589216.6250000000       1794.0935058594       1794.0935058594
    1804734.7500000000     589066.5000000000       1827.7762451172       1827.7762451172
    1804742.0000000000     589056.9375000000       1830.4665527344       1830.4665527344
    1804848.3750000000     588916.3750000000       1866.9968261719       1866.9968261719
    1804892.1250000000     588858.5625000000       1877.4996337891       1877.4996337891
    1804962.1250000000     588766.2500000000       1894.4505615234       1894.4505615234
    1805042.3750000000     588660.1875000000       1919.8991699219       1919.8991699219
    1805075.7500000000     588616.1250000000       1932.1401367188       1932.1401367188
    1805189.5000000000     588466.0000000000       1950.6926269531       1950.6926269531
    1805192.6250000000     588461.7500000000       1950.1237792969       1950.1237792969
    1805303.1250000000     588315.8125000000       1934.0212402344       1934.0212402344
    1805342.8750000000     588263.3750000000       1938.3470458984       1938.3470458984
    1805416.7500000000     588165.6875000000       1967.9963378906       1967.9963378906
    1805493.0000000000     588065.0000000000       2020.5302734375       2020.5302734375
    1805530.5000000000     588015.5625000000       2039.1269531250       2039.1269531250
    1805643.2500000000     587866.6250000000       2042.1716308594       2042.1716308594
    1805644.1250000000     587865.4375000000       2041.6091308594       2041.6091308594
    1805757.7500000000     587715.3125000000       1944.5433349609       1944.5433349609
    1805793.5000000000     587668.1875000000       1916.0158691406       1916.0158691406
    1805871.5000000000     587565.1875000000       1891.6630859375       1891.6630859375
    1805943.6250000000     587469.8125000000       1884.3024902344       1884.3024902344
    1805985.1250000000     587415.0625000000       1880.2126464844       1880.2126464844
    1806093.8750000000     587271.4375000000       1871.5404052734       1871.5404052734
    1806098.8750000000     587264.8750000000       1871.2615966797       1871.2615966797
    1806212.5000000000     587114.7500000000       1865.4738769531       1865.4738769531
    1806237.5000000000     587081.6875000000       1864.9409179688       1864.9409179688
    1806237.5000000000     586964.6250000000       1856.0277099609       1856.0277099609
    1806237.5000000000     586814.5000000000       1844.7041015625       1844.7041015625
    1806237.5000000000     586664.3750000000       1826.6948242188       1826.6948242188
    1806237.5000000000     586514.2500000000       1805.1896972656       1805.1896972656
    1806237.5000000000     586364.1250000000       1787.8385009766       1787.8385009766
    1806237.5000000000     586214.0000000000       1780.6054687500       1780.6054687500
    1806237.5000000000     586063.8125000000       1743.2320556641       1743.2320556641
    1806237.5000000000     585913.6875000000       1701.0628662109       1701.0628662109
    1806237.5000000000     585763.5625000000       1670.6866455078       1670.6866455078
    1806237.5000000000     585613.4375000000       1648.5384521484       1648.5384521484
    1806237.5000000000     585463.3125000000       1625.1574707031       1625.1574707031
    1806237.5000000000     585313.1875000000       1599.6018066406       1599.6018066406
    1806237.5000000000     585163.0625000000       1575.6206054688       1575.6206054688
    1806237.5000000000     585012.9375000000       1554.5087890625       1554.5087890625
    1806237.5000000000     584862.7500000000       1535.4848632813       1535.4848632813
    1806237.5000000000     584712.6250000000       1517.9445800781       1517.9445800781
    1806237.5000000000     584562.5000000000       1503.1810302734       1503.1810302734
    1806237.5000000000     584412.3750000000       1487.7513427734       1487.7513427734
    1806237.5000000000     584262.2500000000       1471.5107421875       1471.5107421875
    1806237.5000000000     584112.1250000000       1456.6413574219       1456.6413574219
    1806237.5000000000     583962.0000000000       1441.7034912109       1441.7034912109
    1806237.5000000000     583811.8750000000       1428.2442626953       1428.2442626953
    1806237.5000000000     583661.6875000000       1416.1855468750       1416.1855468750
    1806237.5000000000     583511.5625000000       1405.1958007813       1405.1958007813
    1806237.5000000000     583361.4375000000       1395.0268554688       1395.0268554688
    1806237.5000000000     583211.3125000000       1386.1586914063       1386.1586914063
    1806237.5000000000     583061.1875000000       1378.5925292969       1378.5925292969
    1806237.5000000000     582911.0625000000       1373.8308105469       1373.8308105469
    1806237.5000000000     582760.9375000000       1369.2564697266       1369.2564697266
    1806237.5000000000     582610.7500000000       1364.5998535156       1364.5998535156
    1806237.5000000000     582460.6250000000       1362.2038574219       1362.2038574219
    1806237.5000000000     582310.5000000000       1360.0980224609       1360.0980224609
    1806237.5000000000     582160.3750000000       1357.9746093750       1357.9746093750
    1806237.5000000000     582010.2500000000       1355.4077148438       1355.4077148438
    1806237.5000000000     581860.1250000000       1353.7619628906       1353.7619628906
    1806237.5000000000     581710.0000000000       1349.1343994141       1349.1343994141
    1806237.5000000000     581559.8750000000       1341.9481201172       1341.9481201172
    1806237.5000000000     581409.6875000000       1335.3703613281       1335.3703613281
    1806237.5000000000     581259.5625000000       1329.4409179688       1329.4409179688
    1806237.5000000000     581109.4375000000       1323.1298828125       1323.1298828125
    1806237.5000000000     580959.3125000000       1316.2484130859       1316.2484130859
    1806237.5000000000     580809.1875000000       1309.1097412109       1309.1097412109
    1806237.5000000000     580659.0625000000       1302.1785888672       1302.1785888672
    1806237.5000000000     580508.9375000000       1295.6708984375       1295.6708984375
    1806237.5000000000     580358.8125000000       1287.8233642578       1287.8233642578
    1806237.5000000000     580208.6250000000       1279.8687744141       1279.8687744141
    1806237.5000000000     580058.5000000000       1272.2204589844       1272.2204589844
    1806237.5000000000     579908.3750000000       1266.7321777344       1266.7321777344
    1806237.5000000000     579758.2500000000       1262.0552978516       1262.0552978516
    1806237.5000000000     579608.1250000000       1255.1689453125       1255.1689453125
    1806237.5000000000     579458.0000000000       1245.6008300781       1245.6008300781
    1806237.5000000000     579307.8750000000       1236.4654541016       1236.4654541016
    1806237.5000000000     579157.7500000000       1230.2719726563       1230.2719726563
    1806237.5000000000     579007.5625000000       1226.2288818359       1226.2288818359
    1806237.5000000000     578857.4375000000       1221.1934814453       1221.1934814453
    1806237.5000000000     578707.3125000000       1223.7293701172       1223.7293701172
    1806237.5000000000     578557.1875000000       1228.3381347656       1228.3381347656
    1806237.5000000000     578407.0625000000       1233.6718750000       1233.6718750000
    1806237.5000000000     578256.9375000000       1253.8686523438       1253.8686523438
    1806237.5000000000     578106.8125000000       1274.3853759766       1274.3853759766
    1806237.5000000000     577956.6875000000       1294.8657226563       1294.8657226563
    1806237.5000000000     577806.5000000000       1314.8741455078       1314.8741455078
    1806237.5000000000     577656.3750000000       1334.6125488281       1334.6125488281
    1806237.5000000000     577506.2500000000       1349.3002929688       1349.3002929688
    1806237.5000000000     577356.1250000000       1357.5280761719       1357.5280761719
    1806237.5000000000     577206.0000000000       1366.2136230469       1366.2136230469
    1806237.5000000000     577055.8750000000       1369.6727294922       1369.6727294922
    1806237.5000000000     576905.7500000000       1369.1182861328       1369.1182861328
    1806237.5000000000     576755.5625000000       1367.9707031250       1367.9707031250
    1806237.5000000000     576605.4375000000       1367.3878173828       1367.3878173828
    1806237.5000000000     576455.3125000000       1367.3173828125       1367.3173828125
    1806237.5000000000     576305.1875000000       1367.5472412109       1367.5472412109
    1806237.5000000000     576155.0625000000       1367.0670166016       1367.0670166016
    1806237.5000000000     576004.9375000000       1366.6020507813       1366.6020507813
    1806237.5000000000     575854.8125000000       1365.5386962891       1365.5386962891
    1806237.5000000000     575716.6250000000       1362.7708740234       1362.7708740234
    1806244.1250000000     575715.5625000000       1362.7945556641       1362.7945556641
    1806308.1250000000     575704.6875000000       1362.9281005859       1362.9281005859
    1806394.2500000000     575690.0625000000       1363.0301513672       1363.0301513672
    1806544.5000000000     575664.5625000000       1362.4678955078       1362.4678955078
    1806694.7500000000     575639.0625000000       1361.7907714844       1361.7907714844
    1806845.0000000000     575613.6250000000       1360.7086181641       1360.7086181641
    1806995.1250000000     575588.1250000000       1358.8286132813       1358.8286132813
    1807145.3750000000     575562.6250000000       1356.7707519531       1356.7707519531
    1807193.1250000000     575554.5000000000       1355.3270263672       1355.3270263672
    1807295.6250000000     575537.1250000000       1351.6888427734       1351.6888427734
    1807445.7500000000     575511.6875000000       1343.9898681641       1343.9898681641
    1807596.0000000000     575486.1875000000       1335.9532470703       1335.9532470703
    1807746.2500000000     575460.6875000000       1323.3879394531       1323.3879394531
    1807896.3750000000     575435.2500000000       1309.0880126953       1309.0880126953
    1808046.6250000000     575409.7500000000       1294.6754150391       1294.6754150391
    1808078.1250000000     575404.3750000000       1288.4573974609       1288.4573974609
    1808196.8750000000     575384.2500000000       1264.2860107422       1264.2860107422
    1808347.1250000000     575358.7500000000       1233.2612304688       1233.2612304688
    1808497.2500000000     575333.3125000000       1201.2943115234       1201.2943115234
    1808647.5000000000     575307.8125000000       1161.0506591797       1161.0506591797
    1808797.7500000000     575282.3125000000       1122.3668212891       1122.3668212891
    1808947.8750000000     575256.8750000000       1085.7667236328       1085.7667236328
    1808963.1250000000     575254.2500000000       1082.2453613281       1082.2453613281
    1809098.1250000000     575231.3750000000       1052.0802001953       1052.0802001953
    1809248.3750000000     575205.8750000000       1020.9380493164       1020.9380493164
    1809398.5000000000     575180.3750000000        994.9004516602        994.9004516602
    1809548.7500000000     575154.9375000000        973.5933227539        973.5933227539
    1809699.0000000000     575129.4375000000        954.4019775391        954.4019775391
    1809848.1250000000     575104.1250000000        925.2369384766        925.2369384766
    1809849.1250000000     575103.9375000000        925.0333251953        925.0333251953
    1809999.3750000000     575078.5000000000        892.3480224609        892.3480224609
    1810149.6250000000     575053.0000000000        862.2587280273        862.2587280273
    1810299.8750000000     575027.5000000000        805.0988159180        805.0988159180
    1810450.0000000000     575002.0000000000        747.9132080078        747.9132080078
    1810600.2500000000     574976.5625000000        691.3256225586        691.3256225586
    1810733.1250000000     574954.0000000000        631.1945800781        631.1945800781
    1810750.5000000000     574951.0625000000        623.4216308594        623.4216308594
    1810900.6250000000     574925.5625000000        556.0906982422        556.0906982422
    1811050.8750000000     574900.0625000000        493.6318664551        493.6318664551
    1811201.1250000000     574874.6250000000        437.9455871582        437.9455871582
    1811351.2500000000     574849.1250000000        377.2574157715        377.2574157715
    1811501.5000000000     574823.6250000000        324.8578186035        324.8578186035
    1811618.1250000000     574803.8750000000        288.0716552734        288.0716552734
    1811651.7500000000     574798.1875000000        276.8972473145        276.8972473145
    1811802.0000000000     574772.6875000000        223.4073638916        223.4073638916
    1811952.1250000000     574747.1875000000        187.7947235107        187.7947235107
    1812102.3750000000     574721.6875000000        155.5892181396        155.5892181396
    1812252.6250000000     574696.2500000000        119.4516754150        119.4516754150
    1812402.7500000000     574670.7500000000         82.2829666138         82.2829666138
    1812503.1250000000     574653.7500000000         57.4224929810         57.4224929810
    1812553.0000000000     574645.2500000000         44.9155158997         44.9155158997
    1812703.2500000000     574619.8125000000          4.3901333809          4.3901333809
    1812853.3750000000     574594.3125000000        -29.0885562897        -29.0885562897
    1813003.6250000000     574568.8125000000        -59.9992828369        -59.9992828369
    1813153.8750000000     574543.3125000000        -89.1395111084        -89.1395111084
    1813304.0000000000     574517.8750000000       -115.3600311279       -115.3600311279
    1813388.1250000000     574503.6250000000       -129.7248077393       -129.7248077393
    1813454.2500000000     574492.3750000000       -140.6365356445       -140.6365356445
    1813604.5000000000     574466.8750000000       -159.3039855957       -159.3039855957
    1813754.7500000000     574441.4375000000       -172.7849273682       -172.7849273682
    1813904.8750000000     574415.9375000000       -185.4796600342       -185.4796600342
    1814055.1250000000     574390.4375000000       -192.0972595215       -192.0972595215
    1814205.3750000000     574364.9375000000       -196.6746063232       -196.6746063232
    1814273.1250000000     574353.4375000000       -198.7130432129       -198.7130432129
    1814355.5000000000     574339.5000000000       -201.0528869629       -201.0528869629
    1814505.7500000000     574314.0000000000       -203.9344329834       -203.9344329834
    1814656.0000000000     574288.5000000000       -206.4071655273       -206.4071655273
    1814806.1250000000     574263.0625000000       -207.0049438477       -207.0049438477
    1814956.3750000000     574237.5625000000       -201.8189544678       -201.8189544678
    1815106.6250000000     574212.0625000000       -196.4733428955       -196.4733428955
    1815158.1250000000     574203.3125000000       -193.7871246338       -193.7871246338
    1815256.8750000000     574186.5625000000       -187.8817749023       -187.8817749023
    1815407.0000000000     574161.1250000000       -174.8598480225       -174.8598480225
    1815557.2500000000     574135.6250000000       -160.9385070801       -160.9385070801
    1815707.5000000000     574110.1250000000       -142.4409790039       -142.4409790039
    1815857.6250000000     574084.6250000000       -120.6059494019       -120.6059494019
    1816007.8750000000     574059.1875000000        -97.8877792358        -97.8877792358
    1816043.1250000000     574053.1875000000        -92.3834381104        -92.3834381104
    1816158.1250000000     574033.6875000000        -74.2547607422        -74.2547607422
    1816308.2500000000     574008.1875000000        -50.0497207642        -50.0497207642
    1816458.5000000000     573982.7500000000        -25.5088062286        -25.5088062286
    1816608.7500000000     573957.2500000000         -4.1858229637         -4.1858229637
    1816757.2500000000     573932.0625000000         16.8295803070         16.8295803070
