# Model:	C:/Users/tmenotti/Documents/STANFORD/RESEARCH/NEW_SALINAS/MODELS/PM2011/SALINAS/pm3d/02_W_SALINAS
# Data Access:	Top
# Event:	Event_11
# X, Y Unit:	meter
# Depth Unit:	meter
# Layer:	09_WEST_SURF_700x747
# Overlay:	Depth
# Overlay Unit:	meter
#
#
#                X                 Y                 Z             Value
    1791963.8750000000     604980.6250000000       -466.5411987305       -466.5411987305
    1791974.0000000000     604969.5000000000       -461.8233032227       -461.8233032227
    1792100.3750000000     604830.4375000000       -408.2962646484       -408.2962646484
    1792124.1250000000     604804.2500000000       -400.6366271973       -400.6366271973
    1792236.8750000000     604680.3125000000       -373.7360229492       -373.7360229492
    1792274.3750000000     604639.0625000000       -364.4601440430       -364.4601440430
    1792373.3750000000     604530.1875000000       -348.2546691895       -348.2546691895
    1792424.6250000000     604473.8125000000       -331.1518859863       -331.1518859863
    1792509.7500000000     604380.0625000000       -303.3911437988       -303.3911437988
    1792574.7500000000     604308.5625000000       -285.1000061035       -285.1000061035
    1792646.2500000000     604229.9375000000       -267.8330383301       -267.8330383301
    1792725.0000000000     604143.3125000000       -260.8245239258       -260.8245239258
    1792782.7500000000     604079.8125000000       -256.6824951172       -256.6824951172
    1792875.2500000000     603978.1250000000       -250.7884521484       -250.7884521484
    1792919.2500000000     603929.6875000000       -245.7073364258       -245.7073364258
    1793025.5000000000     603812.8750000000       -239.9284210205       -239.9284210205
    1793055.7500000000     603779.5625000000       -238.7200012207       -238.7200012207
    1793175.6250000000     603647.6250000000       -238.6249084473       -238.6249084473
    1793192.2500000000     603629.3750000000       -239.7775878906       -239.7775878906
    1793325.8750000000     603482.4375000000       -249.3063812256       -249.3063812256
    1793328.7500000000     603479.2500000000       -249.6477966309       -249.6477966309
    1793465.2500000000     603329.1250000000       -263.9315185547       -263.9315185547
    1793476.1250000000     603317.1875000000       -263.9548339844       -263.9548339844
    1793601.6250000000     603179.0000000000       -249.2409820557       -249.2409820557
    1793626.2500000000     603151.9375000000       -246.7858428955       -246.7858428955
    1793738.1250000000     603028.8750000000       -236.8397369385       -236.8397369385
    1793776.5000000000     602986.6875000000       -237.7563018799       -237.7563018799
    1793874.6250000000     602878.7500000000       -239.7778320313       -239.7778320313
    1793926.7500000000     602821.5000000000       -246.1454162598       -246.1454162598
    1794011.1250000000     602728.6250000000       -249.6067504883       -249.6067504883
    1806237.5000000000     579758.2500000000       -445.4309387207       -445.4309387207
    1806237.5000000000     579608.1250000000       -446.1943359375       -446.1943359375
    1806237.5000000000     579458.0000000000       -447.8396301270       -447.8396301270
    1806237.5000000000     579307.8750000000       -448.9215087891       -448.9215087891
    1806237.5000000000     579157.7500000000       -449.2432250977       -449.2432250977
    1806237.5000000000     579007.5625000000       -448.0520629883       -448.0520629883
    1806237.5000000000     578857.4375000000       -444.8342285156       -444.8342285156
    1806237.5000000000     578707.3125000000       -431.5420227051       -431.5420227051
    1806237.5000000000     578557.1875000000       -404.8519287109       -404.8519287109
    1806237.5000000000     578407.0625000000       -389.3534240723       -389.3534240723
    1806237.5000000000     578256.9375000000       -388.6314086914       -388.6314086914
    1806237.5000000000     578106.8125000000       -386.3218383789       -386.3218383789
    1806237.5000000000     577956.6875000000       -381.9315185547       -381.9315185547
    1806237.5000000000     577806.5000000000       -379.1297912598       -379.1297912598
    1806237.5000000000     577656.3750000000       -378.3957824707       -378.3957824707
    1806237.5000000000     577506.2500000000       -376.1789245605       -376.1789245605
    1806237.5000000000     577356.1250000000       -372.0461730957       -372.0461730957
    1806237.5000000000     577206.0000000000       -368.3106689453       -368.3106689453
    1806237.5000000000     577055.8750000000       -365.0848693848       -365.0848693848
    1806237.5000000000     576905.7500000000       -363.8102111816       -363.8102111816
    1806237.5000000000     576755.5625000000       -365.0207824707       -365.0207824707
    1806237.5000000000     576605.4375000000       -365.7697143555       -365.7697143555
    1806237.5000000000     576455.3125000000       -365.9350585938       -365.9350585938
    1806237.5000000000     576305.1875000000       -363.8829650879       -363.8829650879
    1806237.5000000000     576155.0625000000       -359.0467224121       -359.0467224121
    1806237.5000000000     576004.9375000000       -359.8439025879       -359.8439025879
    1806237.5000000000     575854.8125000000       -367.6631469727       -367.6631469727
    1806237.5000000000     575716.6250000000       -370.9519958496       -370.9519958496
    1806244.1250000000     575715.5625000000       -370.7278442383       -370.7278442383
    1806308.1250000000     575704.6875000000       -368.1547241211       -368.1547241211
    1806394.2500000000     575690.0625000000       -364.9281616211       -364.9281616211
    1806544.5000000000     575664.5625000000       -366.3791809082       -366.3791809082
    1806694.7500000000     575639.0625000000       -368.8340759277       -368.8340759277
    1806845.0000000000     575613.6250000000       -371.9062194824       -371.9062194824
    1806995.1250000000     575588.1250000000       -375.2233886719       -375.2233886719
    1807145.3750000000     575562.6250000000       -371.5815429688       -371.5815429688
    1807193.1250000000     575554.5000000000       -369.7219543457       -369.7219543457
    1807295.6250000000     575537.1250000000       -365.5570373535       -365.5570373535
    1807445.7500000000     575511.6875000000       -368.5139465332       -368.5139465332
    1807596.0000000000     575486.1875000000       -374.3143615723       -374.3143615723
    1807746.2500000000     575460.6875000000       -375.2664794922       -375.2664794922
    1807896.3750000000     575435.2500000000       -375.5789489746       -375.5789489746
    1808046.6250000000     575409.7500000000       -376.8985595703       -376.8985595703
    1808078.1250000000     575404.3750000000       -377.1740112305       -377.1740112305
    1808196.8750000000     575384.2500000000       -378.1104736328       -378.1104736328
    1808347.1250000000     575358.7500000000       -374.8446044922       -374.8446044922
    1808497.2500000000     575333.3125000000       -368.3461914063       -368.3461914063
    1808647.5000000000     575307.8125000000       -362.7223815918       -362.7223815918
    1808797.7500000000     575282.3125000000       -358.6873168945       -358.6873168945
    1808947.8750000000     575256.8750000000       -361.9155883789       -361.9155883789
    1808963.1250000000     575254.2500000000       -362.4593505859       -362.4593505859
    1809098.1250000000     575231.3750000000       -367.0287475586       -367.0287475586
    1809248.3750000000     575205.8750000000       -381.7908935547       -381.7908935547
    1809398.5000000000     575180.3750000000       -399.7053833008       -399.7053833008
    1809548.7500000000     575154.9375000000       -401.8358154297       -401.8358154297
    1809699.0000000000     575129.4375000000       -397.3098144531       -397.3098144531
    1809848.1250000000     575104.1250000000       -400.2854003906       -400.2854003906
    1809849.1250000000     575103.9375000000       -400.3042602539       -400.3042602539
    1809999.3750000000     575078.5000000000       -406.0187683105       -406.0187683105
    1810149.6250000000     575053.0000000000       -411.0634460449       -411.0634460449
    1810299.8750000000     575027.5000000000       -419.3638610840       -419.3638610840
    1810450.0000000000     575002.0000000000       -428.4430847168       -428.4430847168
    1810600.2500000000     574976.5625000000       -431.4715270996       -431.4715270996
    1810733.1250000000     574954.0000000000       -435.5316162109       -435.5316162109
    1810750.5000000000     574951.0625000000       -436.1080017090       -436.1080017090
    1810900.6250000000     574925.5625000000       -443.1355590820       -443.1355590820
    1811050.8750000000     574900.0625000000       -436.5910949707       -436.5910949707
