# Model:	C:/Users/tmenotti/Documents/STANFORD/RESEARCH/NEW_SALINAS/MODELS/PM2011/SALINAS/pm3d/02_W_SALINAS
# Data Access:	Top
# Event:	Event_11
# X, Y Unit:	meter
# Depth Unit:	meter
# Layer:	03_WEST_SAUC_700x747
# Overlay:	Depth
# Overlay Unit:	meter
#
#
#                X                 Y                 Z             Value
    1785292.0000000000     607651.5000000000        825.6282958984        825.6282958984
    1785364.6250000000     607637.0000000000        834.4226684570        834.4226684570
    1785514.8750000000     607606.9375000000        851.9867553711        851.9867553711
    1785665.0000000000     607576.8750000000        868.2417602539        868.2417602539
    1785761.6250000000     607557.5625000000        878.3153686523        878.3153686523
    1785815.2500000000     607545.1875000000        884.3535766602        884.3535766602
    1785868.7500000000     607532.8750000000        890.6223754883        890.6223754883
    1785965.5000000000     607510.5625000000        902.1489868164        902.1489868164
    1786115.7500000000     607475.8750000000        921.7000732422        921.7000732422
    1786265.8750000000     607441.2500000000        938.3021240234        938.3021240234
    1786416.1250000000     607406.5625000000        957.9888916016        957.9888916016
    1786519.3750000000     607382.7500000000        971.8972778320        971.8972778320
    1786566.3750000000     607371.8750000000        979.3779907227        979.3779907227
    1786716.5000000000     607337.2500000000       1002.6630859375       1002.6630859375
    1786866.7500000000     607302.5625000000       1025.8532714844       1025.8532714844
    1787017.0000000000     607267.8750000000       1050.4283447266       1050.4283447266
    1787167.1250000000     607233.2500000000       1070.0694580078       1070.0694580078
    1787170.0000000000     607232.6250000000       1070.3918457031       1070.3918457031
    1787317.3750000000     607198.5625000000       1086.6311035156       1086.6311035156
    1787467.6250000000     607163.9375000000       1100.4277343750       1100.4277343750
    1787617.7500000000     607129.2500000000       1112.0527343750       1112.0527343750
    1787768.0000000000     607094.5625000000       1122.7073974609       1122.7073974609
    1787820.5000000000     607082.4375000000       1126.3566894531       1126.3566894531
    1787918.2500000000     607059.9375000000       1132.0466308594       1132.0466308594
    1788068.5000000000     607025.2500000000       1144.9028320313       1144.9028320313
    1788218.6250000000     606990.5625000000       1150.2010498047       1150.2010498047
    1788368.8750000000     606955.9375000000       1156.6243896484       1156.6243896484
    1788471.1250000000     606932.3125000000       1168.0960693359       1168.0960693359
    1788519.1250000000     606921.2500000000       1172.7602539063       1172.7602539063
    1788669.2500000000     606886.5625000000       1188.3088378906       1188.3088378906
    1788819.5000000000     606851.9375000000       1203.0360107422       1203.0360107422
    1788969.7500000000     606817.2500000000       1216.7866210938       1216.7866210938
    1789119.8750000000     606782.6250000000       1233.6397705078       1233.6397705078
    1789121.6250000000     606782.1875000000       1233.7952880859       1233.7952880859
    1789270.1250000000     606747.9375000000       1246.2003173828       1246.2003173828
    1789420.3750000000     606713.2500000000       1258.0375976563       1258.0375976563
    1789570.6250000000     606678.6250000000       1266.9631347656       1266.9631347656
    1789720.7500000000     606643.9375000000       1274.9703369141       1274.9703369141
    1789772.2500000000     606632.0625000000       1277.4365234375       1277.4365234375
    1789871.0000000000     606609.2500000000       1282.7341308594       1282.7341308594
    1790021.2500000000     606574.6250000000       1298.7078857422       1298.7078857422
    1790171.3750000000     606539.9375000000       1321.5063476563       1321.5063476563
    1790321.6250000000     606505.3125000000       1341.2581787109       1341.2581787109
    1790422.8750000000     606481.9375000000       1348.7150878906       1348.7150878906
    1790471.8750000000     606470.6250000000       1352.2438964844       1352.2438964844
    1790622.0000000000     606435.9375000000       1358.5184326172       1358.5184326172
    1790645.7500000000     606430.5000000000       1359.6859130859       1359.6859130859
    1790735.5000000000     606331.8125000000       1372.5191650391       1372.5191650391
    1790772.2500000000     606291.3750000000       1377.0787353516       1377.0787353516
    1790872.0000000000     606181.6875000000       1387.3842773438       1387.3842773438
    1790922.5000000000     606126.1250000000       1392.1210937500       1392.1210937500
    1791008.5000000000     606031.5000000000       1406.0384521484       1406.0384521484
    1791072.6250000000     605960.9375000000       1419.5629882813       1419.5629882813
    1791145.0000000000     605881.3750000000       1433.4477539063       1433.4477539063
    1791222.8750000000     605795.6875000000       1444.1051025391       1444.1051025391
    1791281.5000000000     605731.2500000000       1452.4702148438       1452.4702148438
    1791373.1250000000     605630.4375000000       1462.2265625000       1462.2265625000
    1791417.8750000000     605581.1250000000       1466.2790527344       1466.2790527344
    1791523.3750000000     605465.1875000000       1472.8543701172       1472.8543701172
    1791554.3750000000     605431.0000000000       1474.4361572266       1474.4361572266
    1791673.5000000000     605300.0000000000       1479.8658447266       1479.8658447266
    1791690.8750000000     605280.8750000000       1480.7019042969       1480.7019042969
    1791823.7500000000     605134.7500000000       1487.3719482422       1487.3719482422
    1791827.3750000000     605130.7500000000       1487.6937255859       1487.6937255859
    1791963.8750000000     604980.6250000000       1507.4082031250       1507.4082031250
    1791974.0000000000     604969.5000000000       1509.6237792969       1509.6237792969
    1792100.3750000000     604830.4375000000       1548.2552490234       1548.2552490234
    1792124.1250000000     604804.2500000000       1557.4832763672       1557.4832763672
    1792236.8750000000     604680.3125000000       1610.0478515625       1610.0478515625
    1792274.3750000000     604639.0625000000       1630.4956054688       1630.4956054688
    1792373.3750000000     604530.1875000000       1689.5687255859       1689.5687255859
    1792424.6250000000     604473.8125000000       1722.0893554688       1722.0893554688
    1792509.7500000000     604380.0625000000       1773.1625976563       1773.1625976563
    1792574.7500000000     604308.5625000000       1808.8140869141       1808.8140869141
    1792646.2500000000     604229.9375000000       1840.7081298828       1840.7081298828
    1792725.0000000000     604143.3125000000       1866.8803710938       1866.8803710938
    1792782.7500000000     604079.8125000000       1880.6866455078       1880.6866455078
    1792875.2500000000     603978.1250000000       1893.6026611328       1893.6026611328
    1792919.2500000000     603929.6875000000       1897.3397216797       1897.3397216797
    1793025.5000000000     603812.8750000000       1900.8525390625       1900.8525390625
    1793055.7500000000     603779.5625000000       1901.1938476563       1901.1938476563
    1793175.6250000000     603647.6250000000       1901.0261230469       1901.0261230469
    1793192.2500000000     603629.3750000000       1900.9519042969       1900.9519042969
    1793325.8750000000     603482.4375000000       1897.4028320313       1897.4028320313
    1793328.7500000000     603479.2500000000       1897.3519287109       1897.3519287109
    1793465.2500000000     603329.1250000000       1895.3750000000       1895.3750000000
    1793476.1250000000     603317.1875000000       1895.1462402344       1895.1462402344
    1793601.6250000000     603179.0000000000       1893.5722656250       1893.5722656250
    1793626.2500000000     603151.9375000000       1893.0187988281       1893.0187988281
    1793738.1250000000     603028.8750000000       1891.8554687500       1891.8554687500
    1793776.5000000000     602986.6875000000       1891.0096435547       1891.0096435547
    1793874.6250000000     602878.7500000000       1887.6309814453       1887.6309814453
    1793926.7500000000     602821.5000000000       1885.9168701172       1885.9168701172
    1794011.1250000000     602728.6250000000       1882.0423583984       1882.0423583984
    1794076.8750000000     602656.2500000000       1878.8200683594       1878.8200683594
    1794147.6250000000     602578.5000000000       1875.0285644531       1875.0285644531
    1794227.1250000000     602491.0000000000       1870.6312255859       1870.6312255859
    1794284.1250000000     602428.3125000000       1867.4720458984       1867.4720458984
    1794377.3750000000     602325.7500000000       1863.1289062500       1863.1289062500
    1794420.6250000000     602278.1875000000       1860.8774414063       1860.8774414063
    1794527.5000000000     602160.5625000000       1855.5584716797       1855.5584716797
    1794557.1250000000     602128.0625000000       1853.7581787109       1853.7581787109
    1794677.7500000000     601995.3125000000       1845.4125976563       1845.4125976563
    1794693.5000000000     601977.9375000000       1844.2414550781       1844.2414550781
    1794828.0000000000     601830.0625000000       1835.7360839844       1835.7360839844
    1794830.0000000000     601827.8125000000       1835.6284179688       1835.6284179688
    1794966.5000000000     601677.6875000000       1830.0499267578       1830.0499267578
    1794978.2500000000     601664.8125000000       1829.6473388672       1829.6473388672
    1795103.0000000000     601527.5625000000       1826.6666259766       1826.6666259766
    1795128.3750000000     601499.6250000000       1826.5391845703       1826.5391845703
    1795239.5000000000     601377.4375000000       1826.8509521484       1826.8509521484
    1795278.6250000000     601334.3750000000       1826.6148681641       1826.6148681641
    1795376.0000000000     601227.2500000000       1831.2064208984       1831.2064208984
    1795428.8750000000     601169.1250000000       1833.1965332031       1833.1965332031
    1795512.5000000000     601077.1250000000       1839.8920898438       1839.8920898438
    1795579.0000000000     601003.9375000000       1844.6865234375       1844.6865234375
    1795649.0000000000     600927.0000000000       1852.9876708984       1852.9876708984
    1795729.2500000000     600838.6875000000       1863.0827636719       1863.0827636719
    1795785.3750000000     600776.8750000000       1873.2000732422       1873.2000732422
    1795879.5000000000     600673.4375000000       1891.8333740234       1891.8333740234
    1795921.8750000000     600626.7500000000       1903.5227050781       1903.5227050781
    1796029.6250000000     600508.1875000000       1934.0681152344       1934.0681152344
    1796058.3750000000     600476.6250000000       1942.6188964844       1942.6188964844
    1796179.8750000000     600343.0000000000       1969.5672607422       1969.5672607422
    1796194.8750000000     600326.5000000000       1972.8192138672       1972.8192138672
    1796281.3750000000     600231.3750000000       1984.7041015625       1984.7041015625
    1796323.0000000000     600176.3125000000       1988.6590576172       1988.6590576172
    1796330.1250000000     600167.0000000000       1988.6577148438       1988.6577148438
    1796436.7500000000     600026.1875000000       1982.5069580078       1982.5069580078
    1796480.3750000000     599968.5625000000       1979.5527343750       1979.5527343750
    1796550.3750000000     599876.0625000000       1967.8173828125       1967.8173828125
    1796630.5000000000     599770.1875000000       1955.3337402344       1955.3337402344
    1796664.0000000000     599725.9375000000       1948.3826904297       1948.3826904297
    1796777.7500000000     599575.8125000000       1937.3413085938       1937.3413085938
    1796780.7500000000     599571.8125000000       1937.2231445313       1937.2231445313
    1796891.3750000000     599425.6875000000       1929.0922851563       1929.0922851563
    1796931.0000000000     599373.3750000000       1926.3629150391       1926.3629150391
    1797005.0000000000     599275.5625000000       1919.6485595703       1919.6485595703
    1797081.1250000000     599175.0000000000       1909.4570312500       1909.4570312500
    1797118.7500000000     599125.4375000000       1903.9870605469       1903.9870605469
    1797231.3750000000     598976.6250000000       1879.3071289063       1879.3071289063
    1797232.3750000000     598975.2500000000       1879.0983886719       1879.0983886719
    1797346.1250000000     598825.1250000000       1853.5628662109       1853.5628662109
    1797381.6250000000     598778.2500000000       1844.8123779297       1844.8123779297
    1797459.7500000000     598675.0000000000       1827.4880371094       1827.4880371094
    1797531.7500000000     598579.8125000000       1810.2308349609       1810.2308349609
    1797573.3750000000     598524.8750000000       1800.8780517578       1800.8780517578
    1797682.0000000000     598381.4375000000       1776.1146240234       1776.1146240234
    1797687.1250000000     598374.7500000000       1774.9626464844       1774.9626464844
    1797800.7500000000     598224.6250000000       1746.7883300781       1746.7883300781
    1797832.2500000000     598183.0625000000       1739.3258056641       1739.3258056641
    1797914.3750000000     598074.5000000000       1718.9407958984       1718.9407958984
    1797982.3750000000     597984.6250000000       1704.9323730469       1704.9323730469
    1798028.1250000000     597924.3750000000       1695.1520996094       1695.1520996094
    1798132.6250000000     597786.2500000000       1678.2299804688       1678.2299804688
    1798141.7500000000     597774.1875000000       1676.7100830078       1676.7100830078
    1798255.5000000000     597624.0625000000       1661.9525146484       1661.9525146484
    1798282.8750000000     597587.8750000000       1659.0443115234       1659.0443115234
    1798369.1250000000     597473.9375000000       1647.6677246094       1647.6677246094
    1798433.1250000000     597389.5000000000       1642.0378417969       1642.0378417969
    1798482.7500000000     597323.8125000000       1634.7084960938       1634.7084960938
    1798583.2500000000     597191.0625000000       1636.5935058594       1636.5935058594
    1798596.5000000000     597173.6875000000       1635.6947021484       1635.6947021484
    1798710.1250000000     597023.5625000000       1605.1727294922       1605.1727294922
    1798733.5000000000     596992.6875000000       1597.7344970703       1597.7344970703
    1798823.7500000000     596873.4375000000       1568.2525634766       1568.2525634766
    1798883.7500000000     596794.3125000000       1551.3392333984       1551.3392333984
    1798937.5000000000     596723.3125000000       1536.6331787109       1536.6331787109
    1799033.8750000000     596595.8750000000       1513.9978027344       1513.9978027344
    1799051.1250000000     596573.1250000000       1510.7144775391       1510.7144775391
    1799164.8750000000     596423.0000000000       1494.1495361328       1494.1495361328
    1799184.1250000000     596397.5000000000       1492.0007324219       1492.0007324219
    1799278.5000000000     596272.8750000000       1483.7196044922       1483.7196044922
    1799334.3750000000     596199.1250000000       1479.0688476563       1479.0688476563
    1799392.1250000000     596122.7500000000       1474.3876953125       1474.3876953125
    1799484.5000000000     596000.7500000000       1465.4686279297       1465.4686279297
    1799505.8750000000     595972.6250000000       1463.3786621094       1463.3786621094
    1799619.5000000000     595822.5000000000       1450.0441894531       1450.0441894531
    1799634.7500000000     595802.3125000000       1448.2546386719       1448.2546386719
    1799733.1250000000     595672.3750000000       1437.0939941406       1437.0939941406
    1799785.0000000000     595603.9375000000       1428.8856201172       1428.8856201172
    1799846.8750000000     595522.1875000000       1417.2578125000       1417.2578125000
    1799935.2500000000     595405.5625000000       1401.0040283203       1401.0040283203
    1799960.5000000000     595372.0625000000       1396.5040283203       1396.5040283203
    1800074.2500000000     595221.9375000000       1377.7083740234       1377.7083740234
    1800085.3750000000     595207.1250000000       1375.6281738281       1375.6281738281
    1800187.8750000000     595071.8125000000       1355.5015869141       1355.5015869141
    1800235.6250000000     595008.7500000000       1346.5916748047       1346.5916748047
    1800301.5000000000     594921.6875000000       1335.1654052734       1335.1654052734
    1800385.8750000000     594810.3750000000       1321.7626953125       1321.7626953125
    1800415.2500000000     594771.5625000000       1317.4145507813       1317.4145507813
    1800528.8750000000     594621.4375000000       1303.0174560547       1303.0174560547
    1800536.0000000000     594612.0000000000       1302.1578369141       1302.1578369141
    1800642.5000000000     594471.3125000000       1289.2039794922       1289.2039794922
    1800686.2500000000     594413.5625000000       1284.1501464844       1284.1501464844
    1800756.2500000000     594321.1250000000       1276.9703369141       1276.9703369141
    1800836.5000000000     594215.1875000000       1268.3977050781       1268.3977050781
    1800869.8750000000     594171.0000000000       1264.9138183594       1264.9138183594
    1800983.6250000000     594020.8750000000       1251.9566650391       1251.9566650391
    1800986.6250000000     594016.8125000000       1251.5515136719       1251.5515136719
    1801097.2500000000     593870.7500000000       1237.0821533203       1237.0821533203
    1801136.8750000000     593818.3750000000       1231.8991699219       1231.8991699219
    1801210.8750000000     593720.6250000000       1223.2221679688       1223.2221679688
    1801287.1250000000     593620.0000000000       1217.3920898438       1217.3920898438
    1801324.6250000000     593570.5000000000       1215.3361816406       1215.3361816406
    1801437.2500000000     593421.6250000000       1214.8334960938       1214.8334960938
    1801438.2500000000     593420.3750000000       1214.8260498047       1214.8260498047
    1801551.8750000000     593270.2500000000       1220.9516601563       1220.9516601563
    1801587.5000000000     593223.1875000000       1226.7376708984       1226.7376708984
    1801665.6250000000     593120.0625000000       1242.2010498047       1242.2010498047
    1801737.7500000000     593024.8125000000       1243.7017822266       1243.7017822266
    1801779.2500000000     592969.9375000000       1244.1054687500       1244.1054687500
    1801888.0000000000     592826.4375000000       1200.5919189453       1200.5919189453
    1801893.0000000000     592819.8125000000       1198.6304931641       1198.6304931641
    1802006.6250000000     592669.6875000000       1193.9451904297       1193.9451904297
    1802038.1250000000     592628.0625000000       1192.7344970703       1192.7344970703
    1802120.2500000000     592519.5625000000       1183.2612304688       1183.2612304688
    1802188.3750000000     592429.6250000000       1161.1142578125       1161.1142578125
    1802234.0000000000     592369.4375000000       1145.5915527344       1145.5915527344
    1802338.6250000000     592231.2500000000       1118.8342285156       1118.8342285156
    1802347.6250000000     592219.3125000000       1113.8574218750       1113.8574218750
    1802461.2500000000     592069.1875000000       1034.1499023438       1034.1499023438
    1802488.7500000000     592032.8750000000       1021.5310058594       1021.5310058594
    1802575.0000000000     591919.0000000000        996.4863281250        996.4863281250
    1802639.0000000000     591834.4375000000        984.6750488281        984.6750488281
    1802688.6250000000     591768.8750000000        979.3328247070        979.3328247070
    1802789.2500000000     591636.0625000000        968.6464233398        968.6464233398
    1802802.3750000000     591618.7500000000        967.4633789063        967.4633789063
    1802916.0000000000     591468.6250000000        958.5664672852        958.5664672852
    1802939.3750000000     591437.6875000000        955.7966308594        955.7966308594
    1803029.6250000000     591318.5000000000        948.4495239258        948.4495239258
    1803089.6250000000     591239.3125000000        945.7269287109        945.7269287109
    1803143.3750000000     591168.3750000000        944.5627441406        944.5627441406
    1803239.8750000000     591040.8750000000        952.1406250000        952.1406250000
    1803257.0000000000     591018.2500000000        954.2191162109        954.2191162109
    1803370.7500000000     590868.1250000000        959.2763061523        959.2763061523
    1803390.1250000000     590842.5000000000        958.9995727539        958.9995727539
    1803484.3750000000     590717.9375000000        965.8617553711        965.8617553711
    1803540.2500000000     590644.1250000000        973.2192993164        973.2192993164
    1803598.0000000000     590567.8125000000        991.2971801758        991.2971801758
    1803690.5000000000     590445.6875000000       1009.5483398438       1009.5483398438
    1803711.7500000000     590417.6875000000       1017.3090820313       1017.3090820313
    1803825.3750000000     590267.5625000000       1070.8753662109       1070.8753662109
    1803840.7500000000     590247.3125000000       1075.9636230469       1075.9636230469
    1803939.0000000000     590117.4375000000       1058.7955322266       1058.7955322266
    1803990.8750000000     590048.9375000000       1035.7980957031       1035.7980957031
    1804052.7500000000     589967.3125000000        985.9816894531        985.9816894531
    1804141.1250000000     589850.5625000000        932.4187011719        932.4187011719
    1804166.3750000000     589817.1875000000        922.8086547852        922.8086547852
    1804280.1250000000     589667.0000000000        903.7730712891        903.7730712891
    1804291.3750000000     589652.1250000000        902.5744018555        902.5744018555
    1804393.7500000000     589516.8750000000        893.0123291016        893.0123291016
    1804441.5000000000     589453.7500000000        888.3641967773        888.3641967773
    1804507.3750000000     589366.7500000000        885.3316040039        885.3316040039
    1804591.7500000000     589255.3750000000        885.4735717773        885.4735717773
    1804621.1250000000     589216.6250000000        885.8790283203        885.8790283203
    1804734.7500000000     589066.5000000000        894.8862915039        894.8862915039
    1804742.0000000000     589056.9375000000        895.9497070313        895.9497070313
    1804848.3750000000     588916.3750000000        905.6168823242        905.6168823242
    1804892.1250000000     588858.5625000000        909.1689453125        909.1689453125
    1804962.1250000000     588766.2500000000        915.6040039063        915.6040039063
    1805042.3750000000     588660.1875000000        929.1845092773        929.1845092773
    1805075.7500000000     588616.1250000000        936.4959716797        936.4959716797
    1805189.5000000000     588466.0000000000        941.5795898438        941.5795898438
    1805192.6250000000     588461.7500000000        941.0236206055        941.0236206055
    1805303.1250000000     588315.8125000000        924.2048950195        924.2048950195
    1805342.8750000000     588263.3750000000        927.4906005859        927.4906005859
    1805416.7500000000     588165.6875000000        953.1571655273        953.1571655273
    1805493.0000000000     588065.0000000000        999.6063842773        999.6063842773
    1805530.5000000000     588015.5625000000       1015.5996704102       1015.5996704102
    1805643.2500000000     587866.6250000000       1011.1827392578       1011.1827392578
    1805644.1250000000     587865.4375000000       1010.5651855469       1010.5651855469
    1805757.7500000000     587715.3125000000        905.3038940430        905.3038940430
    1805793.5000000000     587668.1875000000        875.9494018555        875.9494018555
    1805871.5000000000     587565.1875000000        853.1135253906        853.1135253906
    1805943.6250000000     587469.8125000000        847.5999145508        847.5999145508
    1805985.1250000000     587415.0625000000        844.2363281250        844.2363281250
    1806093.8750000000     587271.4375000000        836.3233642578        836.3233642578
    1806098.8750000000     587264.8750000000        836.0226440430        836.0226440430
    1806212.5000000000     587114.7500000000        823.7236938477        823.7236938477
    1806237.5000000000     587081.6875000000        821.0407104492        821.0407104492
    1806237.5000000000     586964.6250000000        806.2770385742        806.2770385742
    1806237.5000000000     586814.5000000000        787.0934448242        787.0934448242
    1806237.5000000000     586664.3750000000        776.6926269531        776.6926269531
    1806237.5000000000     586514.2500000000        766.1187133789        766.1187133789
    1806237.5000000000     586364.1250000000        754.0753784180        754.0753784180
    1806237.5000000000     586214.0000000000        754.1270751953        754.1270751953
    1806237.5000000000     586063.8125000000        722.4896850586        722.4896850586
    1806237.5000000000     585913.6875000000        689.0248413086        689.0248413086
    1806237.5000000000     585763.5625000000        664.5955200195        664.5955200195
    1806237.5000000000     585613.4375000000        646.0696411133        646.0696411133
    1806237.5000000000     585463.3125000000        627.0250854492        627.0250854492
    1806237.5000000000     585313.1875000000        606.7875976563        606.7875976563
    1806237.5000000000     585163.0625000000        587.9991455078        587.9991455078
    1806237.5000000000     585012.9375000000        570.9749755859        570.9749755859
    1806237.5000000000     584862.7500000000        555.4407348633        555.4407348633
    1806237.5000000000     584712.6250000000        541.1181030273        541.1181030273
    1806237.5000000000     584562.5000000000        527.5574340820        527.5574340820
    1806237.5000000000     584412.3750000000        513.7981567383        513.7981567383
    1806237.5000000000     584262.2500000000        503.0503845215        503.0503845215
    1806237.5000000000     584112.1250000000        496.2513122559        496.2513122559
    1806237.5000000000     583962.0000000000        493.8562622070        493.8562622070
    1806237.5000000000     583811.8750000000        496.1642456055        496.1642456055
    1806237.5000000000     583661.6875000000        502.2603454590        502.2603454590
    1806237.5000000000     583511.5625000000        509.8202514648        509.8202514648
    1806237.5000000000     583361.4375000000        515.6057739258        515.6057739258
    1806237.5000000000     583211.3125000000        521.0286865234        521.0286865234
    1806237.5000000000     583061.1875000000        526.2270507813        526.2270507813
    1806237.5000000000     582911.0625000000        530.9132080078        530.9132080078
    1806237.5000000000     582760.9375000000        534.2846679688        534.2846679688
    1806237.5000000000     582610.7500000000        536.5928344727        536.5928344727
    1806237.5000000000     582460.6250000000        537.8604125977        537.8604125977
    1806237.5000000000     582310.5000000000        538.2763671875        538.2763671875
    1806237.5000000000     582160.3750000000        537.7781372070        537.7781372070
    1806237.5000000000     582010.2500000000        536.5916137695        536.5916137695
    1806237.5000000000     581860.1250000000        535.1336669922        535.1336669922
    1806237.5000000000     581710.0000000000        530.8477783203        530.8477783203
    1806237.5000000000     581559.8750000000        524.3389892578        524.3389892578
    1806237.5000000000     581409.6875000000        516.8818969727        516.8818969727
    1806237.5000000000     581259.5625000000        509.2430419922        509.2430419922
    1806237.5000000000     581109.4375000000        500.4372253418        500.4372253418
    1806237.5000000000     580959.3125000000        489.9692993164        489.9692993164
    1806237.5000000000     580809.1875000000        478.3463134766        478.3463134766
    1806237.5000000000     580659.0625000000        466.1825561523        466.1825561523
    1806237.5000000000     580508.9375000000        454.0010070801        454.0010070801
    1806237.5000000000     580358.8125000000        442.0841979980        442.0841979980
    1806237.5000000000     580208.6250000000        430.6105346680        430.6105346680
    1806237.5000000000     580058.5000000000        419.9322204590        419.9322204590
    1806237.5000000000     579908.3750000000        410.7561035156        410.7561035156
    1806237.5000000000     579758.2500000000        403.1457214355        403.1457214355
    1806237.5000000000     579608.1250000000        395.6779174805        395.6779174805
    1806237.5000000000     579458.0000000000        388.3675537109        388.3675537109
    1806237.5000000000     579307.8750000000        381.7667541504        381.7667541504
    1806237.5000000000     579157.7500000000        374.9890441895        374.9890441895
    1806237.5000000000     579007.5625000000        368.2497863770        368.2497863770
    1806237.5000000000     578857.4375000000        360.8442687988        360.8442687988
    1806237.5000000000     578707.3125000000        352.3547058105        352.3547058105
    1806237.5000000000     578557.1875000000        343.4175720215        343.4175720215
    1806237.5000000000     578407.0625000000        334.2825317383        334.2825317383
    1806237.5000000000     578256.9375000000        325.0435180664        325.0435180664
    1806237.5000000000     578106.8125000000        315.5840148926        315.5840148926
    1806237.5000000000     577956.6875000000        305.8333435059        305.8333435059
    1806237.5000000000     577806.5000000000        295.8944396973        295.8944396973
    1806237.5000000000     577656.3750000000        285.8234558105        285.8234558105
    1806237.5000000000     577506.2500000000        275.6883239746        275.6883239746
    1806237.5000000000     577356.1250000000        265.7876586914        265.7876586914
    1806237.5000000000     577206.0000000000        256.4193725586        256.4193725586
    1806237.5000000000     577055.8750000000        247.6548156738        247.6548156738
    1806237.5000000000     576905.7500000000        239.4578094482        239.4578094482
    1806237.5000000000     576755.5625000000        232.0666198730        232.0666198730
    1806237.5000000000     576605.4375000000        225.6946411133        225.6946411133
    1806237.5000000000     576455.3125000000        220.4736938477        220.4736938477
    1806237.5000000000     576305.1875000000        216.4961700439        216.4961700439
    1806237.5000000000     576155.0625000000        213.7951965332        213.7951965332
    1806237.5000000000     576004.9375000000        212.6295471191        212.6295471191
    1806237.5000000000     575854.8125000000        218.3113555908        218.3113555908
    1806237.5000000000     575716.6250000000        221.1372222900        221.1372222900
    1806244.1250000000     575715.5625000000        220.8285675049        220.8285675049
    1806308.1250000000     575704.6875000000        216.7668457031        216.7668457031
    1806394.2500000000     575690.0625000000        212.1006622314        212.1006622314
    1806544.5000000000     575664.5625000000        214.5622406006        214.5622406006
    1806694.7500000000     575639.0625000000        212.1043853760        212.1043853760
    1806845.0000000000     575613.6250000000        208.7854156494        208.7854156494
    1806995.1250000000     575588.1250000000        205.1527709961        205.1527709961
    1807145.3750000000     575562.6250000000        202.1284332275        202.1284332275
    1807193.1250000000     575554.5000000000        200.9421234131        200.9421234131
    1807295.6250000000     575537.1250000000        198.7578430176        198.7578430176
    1807445.7500000000     575511.6875000000        196.3645935059        196.3645935059
    1807596.0000000000     575486.1875000000        192.2143707275        192.2143707275
    1807746.2500000000     575460.6875000000        189.5385894775        189.5385894775
    1807896.3750000000     575435.2500000000        184.1026611328        184.1026611328
    1808046.6250000000     575409.7500000000        177.9611206055        177.9611206055
    1808078.1250000000     575404.3750000000        176.4711914063        176.4711914063
    1808196.8750000000     575384.2500000000        171.2331695557        171.2331695557
    1808347.1250000000     575358.7500000000        163.9795684814        163.9795684814
    1808497.2500000000     575333.3125000000        155.7431640625        155.7431640625
    1808647.5000000000     575307.8125000000        146.2279052734        146.2279052734
    1808797.7500000000     575282.3125000000        136.2100067139        136.2100067139
    1808947.8750000000     575256.8750000000        125.5397262573        125.5397262573
    1808963.1250000000     575254.2500000000        124.3552627563        124.3552627563
    1809098.1250000000     575231.3750000000        114.0999984741        114.0999984741
    1809248.3750000000     575205.8750000000        102.1594085693        102.1594085693
    1809398.5000000000     575180.3750000000         89.8963928223         89.8963928223
    1809548.7500000000     575154.9375000000         76.9827651978         76.9827651978
    1809699.0000000000     575129.4375000000         63.7716255188         63.7716255188
    1809848.1250000000     575104.1250000000         49.9802093506         49.9802093506
    1809849.1250000000     575103.9375000000         49.8854675293         49.8854675293
    1809999.3750000000     575078.5000000000         36.4117126465         36.4117126465
    1810149.6250000000     575053.0000000000         23.2678623199         23.2678623199
    1810299.8750000000     575027.5000000000          8.5162944794          8.5162944794
    1810450.0000000000     575002.0000000000         -5.9004201889         -5.9004201889
    1810600.2500000000     574976.5625000000        -17.9507751465        -17.9507751465
    1810733.1250000000     574954.0000000000        -26.5389080048        -26.5389080048
    1810750.5000000000     574951.0625000000        -27.6086044312        -27.6086044312
    1810900.6250000000     574925.5625000000        -31.7126789093        -31.7126789093
    1811050.8750000000     574900.0625000000        -37.7813491821        -37.7813491821
    1811201.1250000000     574874.6250000000        -43.6037902832        -43.6037902832
    1811351.2500000000     574849.1250000000        -47.1821289063        -47.1821289063
    1811501.5000000000     574823.6250000000        -48.4824752808        -48.4824752808
    1811618.1250000000     574803.8750000000        -48.4874343872        -48.4874343872
    1811651.7500000000     574798.1875000000        -48.2854499817        -48.2854499817
    1811802.0000000000     574772.6875000000        -34.3694686890        -34.3694686890
    1811952.1250000000     574747.1875000000        -42.2924537659        -42.2924537659
    1812102.3750000000     574721.6875000000        -39.8925704956        -39.8925704956
    1812252.6250000000     574696.2500000000        -43.1480979919        -43.1480979919
    1812402.7500000000     574670.7500000000        -51.0256195068        -51.0256195068
    1812503.1250000000     574653.7500000000        -57.7425613403        -57.7425613403
    1812553.0000000000     574645.2500000000        -61.3782958984        -61.3782958984
    1812703.2500000000     574619.8125000000        -72.3529891968        -72.3529891968
    1812853.3750000000     574594.3125000000        -80.8769226074        -80.8769226074
    1813003.6250000000     574568.8125000000        -88.2003784180        -88.2003784180
    1813153.8750000000     574543.3125000000        -89.1395111084        -89.1395111084
