# Model:	C:/Users/tmenotti/Documents/STANFORD/RESEARCH/NEW_SALINAS/MODELS/PM2011/SALINAS/pm3d/02_W_SALINAS
# Data Access:	Top
# Event:	Event_11
# X, Y Unit:	meter
# Depth Unit:	meter
# Layer:	02_WEST_VAQ_700x747
# Overlay:	Depth
# Overlay Unit:	meter
#
#
#                X                 Y                 Z             Value
    1785292.0000000000     607651.5000000000        875.1660156250        875.1660156250
    1785364.6250000000     607637.0000000000        883.9723510742        883.9723510742
    1785514.8750000000     607606.9375000000        901.5416870117        901.5416870117
    1785665.0000000000     607576.8750000000        917.7507934570        917.7507934570
    1785761.6250000000     607557.5625000000        927.7858276367        927.7858276367
    1785815.2500000000     607545.1875000000        933.8037109375        933.8037109375
    1785868.7500000000     607532.8750000000        940.0603637695        940.0603637695
    1785965.5000000000     607510.5625000000        951.5607910156        951.5607910156
    1786115.7500000000     607475.8750000000        971.1111450195        971.1111450195
    1786265.8750000000     607441.2500000000        987.7262573242        987.7262573242
    1786416.1250000000     607406.5625000000       1007.4295043945       1007.4295043945
    1786519.3750000000     607382.7500000000       1021.3538208008       1021.3538208008
    1786566.3750000000     607371.8750000000       1028.5236816406       1028.5236816406
    1786716.5000000000     607337.2500000000       1051.1156005859       1051.1156005859
    1786866.7500000000     607302.5625000000       1074.6702880859       1074.6702880859
    1787017.0000000000     607267.8750000000       1100.2742919922       1100.2742919922
    1787167.1250000000     607233.2500000000       1123.3474121094       1123.3474121094
    1787170.0000000000     607232.6250000000       1123.7515869141       1123.7515869141
    1787317.3750000000     607198.5625000000       1145.9073486328       1145.9073486328
    1787467.6250000000     607163.9375000000       1169.3697509766       1169.3697509766
    1787617.7500000000     607129.2500000000       1188.9908447266       1188.9908447266
    1787768.0000000000     607094.5625000000       1209.6423339844       1209.6423339844
    1787820.5000000000     607082.4375000000       1217.0855712891       1217.0855712891
    1787918.2500000000     607059.9375000000       1231.4644775391       1231.4644775391
    1788068.5000000000     607025.2500000000       1248.1508789063       1248.1508789063
    1788218.6250000000     606990.5625000000       1264.4122314453       1264.4122314453
    1788368.8750000000     606955.9375000000       1283.4555664063       1283.4555664063
    1788471.1250000000     606932.3125000000       1299.8607177734       1299.8607177734
    1788519.1250000000     606921.2500000000       1308.2071533203       1308.2071533203
    1788669.2500000000     606886.5625000000       1334.9427490234       1334.9427490234
    1788819.5000000000     606851.9375000000       1370.7805175781       1370.7805175781
    1788969.7500000000     606817.2500000000       1413.2744140625       1413.2744140625
    1789119.8750000000     606782.6250000000       1456.1013183594       1456.1013183594
    1789121.6250000000     606782.1875000000       1456.7955322266       1456.7955322266
    1789270.1250000000     606747.9375000000       1511.9012451172       1511.9012451172
    1789420.3750000000     606713.2500000000       1543.4156494141       1543.4156494141
    1789570.6250000000     606678.6250000000       1572.3665771484       1572.3665771484
    1789720.7500000000     606643.9375000000       1613.9162597656       1613.9162597656
    1789772.2500000000     606632.0625000000       1623.6712646484       1623.6712646484
    1789871.0000000000     606609.2500000000       1641.7628173828       1641.7628173828
    1790021.2500000000     606574.6250000000       1667.4312744141       1667.4312744141
    1790171.3750000000     606539.9375000000       1691.8070068359       1691.8070068359
    1790321.6250000000     606505.3125000000       1703.3668212891       1703.3668212891
    1790422.8750000000     606481.9375000000       1695.9355468750       1695.9355468750
    1790471.8750000000     606470.6250000000       1692.3229980469       1692.3229980469
    1790622.0000000000     606435.9375000000       1692.5266113281       1692.5266113281
    1790645.7500000000     606430.5000000000       1694.6944580078       1694.6944580078
    1790735.5000000000     606331.8125000000       1735.3734130859       1735.3734130859
    1790772.2500000000     606291.3750000000       1751.2366943359       1751.2366943359
    1790872.0000000000     606181.6875000000       1793.9752197266       1793.9752197266
    1790922.5000000000     606126.1250000000       1812.4211425781       1812.4211425781
    1791008.5000000000     606031.5000000000       1841.5822753906       1841.5822753906
    1791072.6250000000     605960.9375000000       1860.5529785156       1860.5529785156
    1791145.0000000000     605881.3750000000       1882.2390136719       1882.2390136719
    1791222.8750000000     605795.6875000000       1903.3585205078       1903.3585205078
    1791281.5000000000     605731.2500000000       1920.4072265625       1920.4072265625
    1791373.1250000000     605630.4375000000       1945.8721923828       1945.8721923828
    1791417.8750000000     605581.1250000000       1960.5911865234       1960.5911865234
    1791523.3750000000     605465.1875000000       1975.9743652344       1975.9743652344
    1791554.3750000000     605431.0000000000       1981.5346679688       1981.5346679688
    1791673.5000000000     605300.0000000000       2003.7772216797       2003.7772216797
    1791690.8750000000     605280.8750000000       2007.3281250000       2007.3281250000
    1791823.7500000000     605134.7500000000       2027.7142333984       2027.7142333984
    1791827.3750000000     605130.7500000000       2028.3212890625       2028.3212890625
    1791963.8750000000     604980.6250000000       2048.7004394531       2048.7004394531
    1791974.0000000000     604969.5000000000       2050.0957031250       2050.0957031250
    1792100.3750000000     604830.4375000000       2064.8896484375       2064.8896484375
    1792124.1250000000     604804.2500000000       2067.2724609375       2067.2724609375
    1792236.8750000000     604680.3125000000       2077.0358886719       2077.0358886719
    1792274.3750000000     604639.0625000000       2079.8034667969       2079.8034667969
    1792373.3750000000     604530.1875000000       2085.1535644531       2085.1535644531
    1792424.6250000000     604473.8125000000       2086.4091796875       2086.4091796875
    1792509.7500000000     604380.0625000000       2086.7287597656       2086.7287597656
    1792574.7500000000     604308.5625000000       2087.6430664063       2087.6430664063
    1792646.2500000000     604229.9375000000       2090.2990722656       2090.2990722656
    1792725.0000000000     604143.3125000000       2093.1994628906       2093.1994628906
    1792782.7500000000     604079.8125000000       2095.2495117188       2095.2495117188
    1792875.2500000000     603978.1250000000       2099.0742187500       2099.0742187500
    1792919.2500000000     603929.6875000000       2100.4067382813       2100.4067382813
    1793025.5000000000     603812.8750000000       2104.5703125000       2104.5703125000
    1793055.7500000000     603779.5625000000       2106.1542968750       2106.1542968750
    1793175.6250000000     603647.6250000000       2114.4072265625       2114.4072265625
    1793192.2500000000     603629.3750000000       2115.5734863281       2115.5734863281
    1793325.8750000000     603482.4375000000       2123.8505859375       2123.8505859375
    1793328.7500000000     603479.2500000000       2124.1394042969       2124.1394042969
    1793465.2500000000     603329.1250000000       2138.4116210938       2138.4116210938
    1793476.1250000000     603317.1875000000       2139.6054687500       2139.6054687500
    1793601.6250000000     603179.0000000000       2161.7416992188       2161.7416992188
    1793626.2500000000     603151.9375000000       2164.9597167969       2164.9597167969
    1793738.1250000000     603028.8750000000       2176.8842773438       2176.8842773438
    1793776.5000000000     602986.6875000000       2178.8300781250       2178.8300781250
    1793874.6250000000     602878.7500000000       2182.0219726563       2182.0219726563
    1793926.7500000000     602821.5000000000       2181.3444824219       2181.3444824219
    1794011.1250000000     602728.6250000000       2180.4184570313       2180.4184570313
    1794076.8750000000     602656.2500000000       2178.8405761719       2178.8405761719
    1794147.6250000000     602578.5000000000       2177.9924316406       2177.9924316406
    1794227.1250000000     602491.0000000000       2175.7451171875       2175.7451171875
    1794284.1250000000     602428.3125000000       2175.0351562500       2175.0351562500
    1794377.3750000000     602325.7500000000       2171.4052734375       2171.4052734375
    1794420.6250000000     602278.1875000000       2170.3750000000       2170.3750000000
    1794527.5000000000     602160.5625000000       2168.9023437500       2168.9023437500
    1794557.1250000000     602128.0625000000       2168.6237792969       2168.6237792969
    1794677.7500000000     601995.3125000000       2163.7836914063       2163.7836914063
    1794693.5000000000     601977.9375000000       2163.1254882813       2163.1254882813
    1794828.0000000000     601830.0625000000       2159.9101562500       2159.9101562500
    1794830.0000000000     601827.8125000000       2159.8442382813       2159.8442382813
    1794966.5000000000     601677.6875000000       2154.5832519531       2154.5832519531
    1794978.2500000000     601664.8125000000       2154.2666015625       2154.2666015625
    1795103.0000000000     601527.5625000000       2153.7692871094       2153.7692871094
    1795128.3750000000     601499.6250000000       2152.3234863281       2152.3234863281
    1795239.5000000000     601377.4375000000       2147.1638183594       2147.1638183594
    1795278.6250000000     601334.3750000000       2146.1210937500       2146.1210937500
    1795376.0000000000     601227.2500000000       2144.1372070313       2144.1372070313
    1795428.8750000000     601169.1250000000       2142.3666992188       2142.3666992188
    1795512.5000000000     601077.1250000000       2140.8195800781       2140.8195800781
    1795579.0000000000     601003.9375000000       2139.7846679688       2139.7846679688
    1795649.0000000000     600927.0000000000       2138.9426269531       2138.9426269531
    1795729.2500000000     600838.6875000000       2137.2878417969       2137.2878417969
    1795785.3750000000     600776.8750000000       2137.3256835938       2137.3256835938
    1795879.5000000000     600673.4375000000       2140.9614257813       2140.9614257813
    1795921.8750000000     600626.7500000000       2140.9462890625       2140.9462890625
    1796029.6250000000     600508.1875000000       2145.8449707031       2145.8449707031
    1796058.3750000000     600476.6250000000       2146.9816894531       2146.9816894531
    1796179.8750000000     600343.0000000000       2152.6079101563       2152.6079101563
    1796194.8750000000     600326.5000000000       2153.1110839844       2153.1110839844
    1796281.3750000000     600231.3750000000       2158.1499023438       2158.1499023438
    1796323.0000000000     600176.3125000000       2161.9108886719       2161.9108886719
    1796330.1250000000     600167.0000000000       2161.6691894531       2161.6691894531
    1796436.7500000000     600026.1875000000       2152.0388183594       2152.0388183594
    1796480.3750000000     599968.5625000000       2143.6472167969       2143.6472167969
    1796550.3750000000     599876.0625000000       2125.7285156250       2125.7285156250
    1796630.5000000000     599770.1875000000       2102.9934082031       2102.9934082031
    1796664.0000000000     599725.9375000000       2091.6296386719       2091.6296386719
    1796777.7500000000     599575.8125000000       2052.6083984375       2052.6083984375
    1796780.7500000000     599571.8125000000       2051.5085449219       2051.5085449219
    1796891.3750000000     599425.6875000000       2011.9549560547       2011.9549560547
    1796931.0000000000     599373.3750000000       2002.6230468750       2002.6230468750
    1797005.0000000000     599275.5625000000       1983.6242675781       1983.6242675781
    1797081.1250000000     599175.0000000000       1967.5877685547       1967.5877685547
    1797118.7500000000     599125.4375000000       1958.7037353516       1958.7037353516
    1797231.3750000000     598976.6250000000       1939.9652099609       1939.9652099609
    1797232.3750000000     598975.2500000000       1939.7832031250       1939.7832031250
    1797346.1250000000     598825.1250000000       1924.2434082031       1924.2434082031
    1797381.6250000000     598778.2500000000       1919.4511718750       1919.4511718750
    1797459.7500000000     598675.0000000000       1909.2963867188       1909.2963867188
    1797531.7500000000     598579.8125000000       1901.1098632813       1901.1098632813
    1797573.3750000000     598524.8750000000       1897.4399414063       1897.4399414063
    1797682.0000000000     598381.4375000000       1885.5380859375       1885.5380859375
    1797687.1250000000     598374.7500000000       1884.8369140625       1884.8369140625
    1797800.7500000000     598224.6250000000       1868.3093261719       1868.3093261719
    1797832.2500000000     598183.0625000000       1863.8718261719       1863.8718261719
    1797914.3750000000     598074.5000000000       1851.4688720703       1851.4688720703
    1797982.3750000000     597984.6250000000       1842.3594970703       1842.3594970703
    1798028.1250000000     597924.3750000000       1836.3416748047       1836.3416748047
    1798132.6250000000     597786.2500000000       1824.4729003906       1824.4729003906
    1798141.7500000000     597774.1875000000       1823.4893798828       1823.4893798828
    1798255.5000000000     597624.0625000000       1812.0739746094       1812.0739746094
    1798282.8750000000     597587.8750000000       1809.5749511719       1809.5749511719
    1798369.1250000000     597473.9375000000       1802.0131835938       1802.0131835938
    1798433.1250000000     597389.5000000000       1796.6883544922       1796.6883544922
    1798482.7500000000     597323.8125000000       1792.8666992188       1792.8666992188
    1798583.2500000000     597191.0625000000       1784.9229736328       1784.9229736328
    1798596.5000000000     597173.6875000000       1783.8687744141       1783.8687744141
    1798710.1250000000     597023.5625000000       1771.6700439453       1771.6700439453
    1798733.5000000000     596992.6875000000       1769.3004150391       1769.3004150391
    1798823.7500000000     596873.4375000000       1761.8259277344       1761.8259277344
    1798883.7500000000     596794.3125000000       1754.3526611328       1754.3526611328
    1798937.5000000000     596723.3125000000       1745.7496337891       1745.7496337891
    1799033.8750000000     596595.8750000000       1734.9785156250       1734.9785156250
    1799051.1250000000     596573.1250000000       1733.2661132813       1733.2661132813
    1799164.8750000000     596423.0000000000       1722.6271972656       1722.6271972656
    1799184.1250000000     596397.5000000000       1720.5144042969       1720.5144042969
    1799278.5000000000     596272.8750000000       1707.3015136719       1707.3015136719
    1799334.3750000000     596199.1250000000       1700.1928710938       1700.1928710938
    1799392.1250000000     596122.7500000000       1692.2634277344       1692.2634277344
    1799484.5000000000     596000.7500000000       1679.0885009766       1679.0885009766
    1799505.8750000000     595972.6250000000       1676.2421875000       1676.2421875000
    1799619.5000000000     595822.5000000000       1659.0640869141       1659.0640869141
    1799634.7500000000     595802.3125000000       1656.7933349609       1656.7933349609
    1799733.1250000000     595672.3750000000       1638.6697998047       1638.6697998047
    1799785.0000000000     595603.9375000000       1628.7078857422       1628.7078857422
    1799846.8750000000     595522.1875000000       1616.9223632813       1616.9223632813
    1799935.2500000000     595405.5625000000       1600.6456298828       1600.6456298828
    1799960.5000000000     595372.0625000000       1596.1411132813       1596.1411132813
    1800074.2500000000     595221.9375000000       1577.2906494141       1577.2906494141
    1800085.3750000000     595207.1250000000       1575.2027587891       1575.2027587891
    1800187.8750000000     595071.8125000000       1555.0766601563       1555.0766601563
    1800235.6250000000     595008.7500000000       1546.2091064453       1546.2091064453
    1800301.5000000000     594921.6875000000       1534.8582763672       1534.8582763672
    1800385.8750000000     594810.3750000000       1521.5119628906       1521.5119628906
    1800415.2500000000     594771.5625000000       1517.1873779297       1517.1873779297
    1800528.8750000000     594621.4375000000       1502.8958740234       1502.8958740234
    1800536.0000000000     594612.0000000000       1502.0467529297       1502.0467529297
    1800642.5000000000     594471.3125000000       1489.2561035156       1489.2561035156
    1800686.2500000000     594413.5625000000       1484.2371826172       1484.2371826172
    1800756.2500000000     594321.1250000000       1477.1291503906       1477.1291503906
    1800836.5000000000     594215.1875000000       1468.6303710938       1468.6303710938
    1800869.8750000000     594171.0000000000       1465.1940917969       1465.1940917969
    1800983.6250000000     594020.8750000000       1452.2653808594       1452.2653808594
    1800986.6250000000     594016.8125000000       1451.8599853516       1451.8599853516
    1801097.2500000000     593870.7500000000       1437.4019775391       1437.4019775391
    1801136.8750000000     593818.3750000000       1432.2539062500       1432.2539062500
    1801210.8750000000     593720.6250000000       1423.6777343750       1423.6777343750
    1801287.1250000000     593620.0000000000       1418.1414794922       1418.1414794922
    1801324.6250000000     593570.5000000000       1416.2967529297       1416.2967529297
    1801437.2500000000     593421.6250000000       1416.8610839844       1416.8610839844
    1801438.2500000000     593420.3750000000       1416.8616943359       1416.8616943359
    1801551.8750000000     593270.2500000000       1424.2929687500       1424.2929687500
    1801587.5000000000     593223.1875000000       1430.6164550781       1430.6164550781
    1801665.6250000000     593120.0625000000       1447.3933105469       1447.3933105469
    1801737.7500000000     593024.8125000000       1450.8477783203       1450.8477783203
    1801779.2500000000     592969.9375000000       1452.8175048828       1452.8175048828
    1801888.0000000000     592826.4375000000       1412.9713134766       1412.9713134766
    1801893.0000000000     592819.8125000000       1411.1751708984       1411.1751708984
    1802006.6250000000     592669.6875000000       1408.3746337891       1408.3746337891
    1802038.1250000000     592628.0625000000       1407.7644042969       1407.7644042969
    1802120.2500000000     592519.5625000000       1399.1663818359       1399.1663818359
    1802188.3750000000     592429.6250000000       1376.1340332031       1376.1340332031
    1802234.0000000000     592369.4375000000       1358.7479248047       1358.7479248047
    1802338.6250000000     592231.2500000000       1325.9527587891       1325.9527587891
    1802347.6250000000     592219.3125000000       1320.4293212891       1320.4293212891
    1802461.2500000000     592069.1875000000       1236.0859375000       1236.0859375000
    1802488.7500000000     592032.8750000000       1222.8974609375       1222.8974609375
    1802575.0000000000     591919.0000000000       1197.2944335938       1197.2944335938
    1802639.0000000000     591834.4375000000       1185.4034423828       1185.4034423828
    1802688.6250000000     591768.8750000000       1180.2440185547       1180.2440185547
    1802789.2500000000     591636.0625000000       1169.6784667969       1169.6784667969
    1802802.3750000000     591618.7500000000       1168.5090332031       1168.5090332031
    1802916.0000000000     591468.6250000000       1159.6190185547       1159.6190185547
    1802939.3750000000     591437.6875000000       1157.2429199219       1157.2429199219
    1803029.6250000000     591318.5000000000       1150.4916992188       1150.4916992188
    1803089.6250000000     591239.3125000000       1147.3286132813       1147.3286132813
    1803143.3750000000     591168.3750000000       1146.4981689453       1146.4981689453
    1803239.8750000000     591040.8750000000       1155.1314697266       1155.1314697266
    1803257.0000000000     591018.2500000000       1157.4162597656       1157.4162597656
    1803370.7500000000     590868.1250000000       1166.2081298828       1166.2081298828
    1803390.1250000000     590842.5000000000       1166.6070556641       1166.6070556641
    1803484.3750000000     590717.9375000000       1173.4378662109       1173.4378662109
    1803540.2500000000     590644.1250000000       1180.8208007813       1180.8208007813
    1803598.0000000000     590567.8125000000       1201.3778076172       1201.3778076172
    1803690.5000000000     590445.6875000000       1220.4156494141       1220.4156494141
    1803711.7500000000     590417.6875000000       1229.0388183594       1229.0388183594
    1803825.3750000000     590267.5625000000       1288.0771484375       1288.0771484375
    1803840.7500000000     590247.3125000000       1294.1059570313       1294.1059570313
    1803939.0000000000     590117.4375000000       1277.4063720703       1277.4063720703
    1803990.8750000000     590048.9375000000       1251.2380371094       1251.2380371094
    1804052.7500000000     589967.3125000000       1195.3916015625       1195.3916015625
    1804141.1250000000     589850.5625000000       1136.0684814453       1136.0684814453
    1804166.3750000000     589817.1875000000       1125.6232910156       1125.6232910156
    1804280.1250000000     589667.0000000000       1104.7714843750       1104.7714843750
    1804291.3750000000     589652.1250000000       1103.4530029297       1103.4530029297
    1804393.7500000000     589516.8750000000       1093.4315185547       1093.4315185547
    1804441.5000000000     589453.7500000000       1088.5994873047       1088.5994873047
    1804507.3750000000     589366.7500000000       1085.5390625000       1085.5390625000
    1804591.7500000000     589255.3750000000       1085.8715820313       1085.8715820313
    1804621.1250000000     589216.6250000000       1086.3800048828       1086.3800048828
    1804734.7500000000     589066.5000000000       1096.3566894531       1096.3566894531
    1804742.0000000000     589056.9375000000       1097.5275878906       1097.5275878906
    1804848.3750000000     588916.3750000000       1108.5310058594       1108.5310058594
    1804892.1250000000     588858.5625000000       1112.6663818359       1112.6663818359
    1804962.1250000000     588766.2500000000       1119.9625244141       1119.9625244141
    1805042.3750000000     588660.1875000000       1135.0187988281       1135.0187988281
    1805075.7500000000     588616.1250000000       1143.0134277344       1143.0134277344
    1805189.5000000000     588466.0000000000       1149.7956542969       1149.7956542969
    1805192.6250000000     588461.7500000000       1149.2224121094       1149.2224121094
    1805303.1250000000     588315.8125000000       1132.3597412109       1132.3597412109
    1805342.8750000000     588263.3750000000       1136.2117919922       1136.2117919922
    1805416.7500000000     588165.6875000000       1164.3309326172       1164.3309326172
    1805493.0000000000     588065.0000000000       1214.6367187500       1214.6367187500
    1805530.5000000000     588015.5625000000       1232.2103271484       1232.2103271484
    1805643.2500000000     587866.6250000000       1232.1256103516       1232.1256103516
    1805644.1250000000     587865.4375000000       1231.5416259766       1231.5416259766
    1805757.7500000000     587715.3125000000       1132.1228027344       1132.1228027344
    1805793.5000000000     587668.1875000000       1104.0596923828       1104.0596923828
    1805871.5000000000     587565.1875000000       1081.4118652344       1081.4118652344
    1805943.6250000000     587469.8125000000       1076.1818847656       1076.1818847656
    1805985.1250000000     587415.0625000000       1073.2855224609       1073.2855224609
    1806093.8750000000     587271.4375000000       1066.7791748047       1066.7791748047
    1806098.8750000000     587264.8750000000       1066.5863037109       1066.5863037109
    1806212.5000000000     587114.7500000000       1056.2973632813       1056.2973632813
    1806237.5000000000     587081.6875000000       1054.3699951172       1054.3699951172
    1806237.5000000000     586964.6250000000       1040.8970947266       1040.8970947266
    1806237.5000000000     586814.5000000000       1023.6621704102       1023.6621704102
    1806237.5000000000     586664.3750000000       1012.2231445313       1012.2231445313
    1806237.5000000000     586514.2500000000        997.8675537109        997.8675537109
    1806237.5000000000     586364.1250000000        985.8223876953        985.8223876953
    1806237.5000000000     586214.0000000000        976.8043212891        976.8043212891
    1806237.5000000000     586063.8125000000        940.0588989258        940.0588989258
    1806237.5000000000     585913.6875000000        900.1257324219        900.1257324219
    1806237.5000000000     585763.5625000000        870.6893310547        870.6893310547
    1806237.5000000000     585613.4375000000        849.1086425781        849.1086425781
    1806237.5000000000     585463.3125000000        827.2909545898        827.2909545898
    1806237.5000000000     585313.1875000000        805.6900024414        805.6900024414
    1806237.5000000000     585163.0625000000        789.0226440430        789.0226440430
    1806237.5000000000     585012.9375000000        772.0856933594        772.0856933594
    1806237.5000000000     584862.7500000000        755.9000244141        755.9000244141
    1806237.5000000000     584712.6250000000        741.0838012695        741.0838012695
    1806237.5000000000     584562.5000000000        726.6740722656        726.6740722656
    1806237.5000000000     584412.3750000000        711.5299682617        711.5299682617
    1806237.5000000000     584262.2500000000        695.0712890625        695.0712890625
    1806237.5000000000     584112.1250000000        678.1536254883        678.1536254883
    1806237.5000000000     583962.0000000000        661.6471557617        661.6471557617
    1806237.5000000000     583811.8750000000        646.4866333008        646.4866333008
    1806237.5000000000     583661.6875000000        632.5584716797        632.5584716797
    1806237.5000000000     583511.5625000000        622.3593750000        622.3593750000
    1806237.5000000000     583361.4375000000        613.0434570313        613.0434570313
    1806237.5000000000     583211.3125000000        605.6272583008        605.6272583008
    1806237.5000000000     583061.1875000000        601.4594116211        601.4594116211
    1806237.5000000000     582911.0625000000        598.9555053711        598.9555053711
    1806237.5000000000     582760.9375000000        596.4841918945        596.4841918945
    1806237.5000000000     582610.7500000000        594.5950927734        594.5950927734
    1806237.5000000000     582460.6250000000        592.9641113281        592.9641113281
    1806237.5000000000     582310.5000000000        591.4246215820        591.4246215820
    1806237.5000000000     582160.3750000000        589.8731079102        589.8731079102
    1806237.5000000000     582010.2500000000        588.2636108398        588.2636108398
    1806237.5000000000     581860.1250000000        586.8084106445        586.8084106445
    1806237.5000000000     581710.0000000000        591.9487915039        591.9487915039
    1806237.5000000000     581559.8750000000        587.4746704102        587.4746704102
    1806237.5000000000     581409.6875000000        583.4343261719        583.4343261719
    1806237.5000000000     581259.5625000000        581.9548339844        581.9548339844
    1806237.5000000000     581109.4375000000        582.8385620117        582.8385620117
    1806237.5000000000     580959.3125000000        584.6281127930        584.6281127930
    1806237.5000000000     580809.1875000000        589.1461181641        589.1461181641
    1806237.5000000000     580659.0625000000        594.6456909180        594.6456909180
    1806237.5000000000     580508.9375000000        600.9567871094        600.9567871094
    1806237.5000000000     580358.8125000000        605.2641601563        605.2641601563
    1806237.5000000000     580208.6250000000        607.9401855469        607.9401855469
    1806237.5000000000     580058.5000000000        606.8005981445        606.8005981445
    1806237.5000000000     579908.3750000000        603.5875854492        603.5875854492
    1806237.5000000000     579758.2500000000        599.3643798828        599.3643798828
    1806237.5000000000     579608.1250000000        593.4395751953        593.4395751953
    1806237.5000000000     579458.0000000000        586.5935058594        586.5935058594
    1806237.5000000000     579307.8750000000        580.0709838867        580.0709838867
    1806237.5000000000     579157.7500000000        573.3181762695        573.3181762695
    1806237.5000000000     579007.5625000000        566.8073730469        566.8073730469
    1806237.5000000000     578857.4375000000        560.2909545898        560.2909545898
    1806237.5000000000     578707.3125000000        551.4664916992        551.4664916992
    1806237.5000000000     578557.1875000000        540.8945922852        540.8945922852
    1806237.5000000000     578407.0625000000        529.5493164063        529.5493164063
    1806237.5000000000     578256.9375000000        517.8836059570        517.8836059570
    1806237.5000000000     578106.8125000000        507.2345275879        507.2345275879
    1806237.5000000000     577956.6875000000        498.4444885254        498.4444885254
    1806237.5000000000     577806.5000000000        490.6426086426        490.6426086426
    1806237.5000000000     577656.3750000000        483.3678588867        483.3678588867
    1806237.5000000000     577506.2500000000        474.8591308594        474.8591308594
    1806237.5000000000     577356.1250000000        465.6317138672        465.6317138672
    1806237.5000000000     577206.0000000000        456.9364318848        456.9364318848
    1806237.5000000000     577055.8750000000        443.2689514160        443.2689514160
    1806237.5000000000     576905.7500000000        442.0849609375        442.0849609375
    1806237.5000000000     576755.5625000000        441.2770385742        441.2770385742
    1806237.5000000000     576605.4375000000        441.7353210449        441.7353210449
    1806237.5000000000     576455.3125000000        442.3630371094        442.3630371094
    1806237.5000000000     576305.1875000000        447.0682983398        447.0682983398
    1806237.5000000000     576155.0625000000        449.9509887695        449.9509887695
    1806237.5000000000     576004.9375000000        452.6930541992        452.6930541992
    1806237.5000000000     575854.8125000000        454.8916931152        454.8916931152
    1806237.5000000000     575716.6250000000        456.4990539551        456.4990539551
    1806244.1250000000     575715.5625000000        456.5068054199        456.5068054199
    1806308.1250000000     575704.6875000000        457.0832214355        457.0832214355
    1806394.2500000000     575690.0625000000        457.8981933594        457.8981933594
    1806544.5000000000     575664.5625000000        459.3888549805        459.3888549805
    1806694.7500000000     575639.0625000000        460.6415100098        460.6415100098
    1806845.0000000000     575613.6250000000        461.5132446289        461.5132446289
    1806995.1250000000     575588.1250000000        461.6921691895        461.6921691895
    1807145.3750000000     575562.6250000000        460.9133911133        460.9133911133
    1807193.1250000000     575554.5000000000        460.3292236328        460.3292236328
    1807295.6250000000     575537.1250000000        458.9503173828        458.9503173828
    1807445.7500000000     575511.6875000000        455.7732543945        455.7732543945
    1807596.0000000000     575486.1875000000        450.7584838867        450.7584838867
    1807746.2500000000     575460.6875000000        443.1571960449        443.1571960449
    1807896.3750000000     575435.2500000000        428.0748596191        428.0748596191
    1808046.6250000000     575409.7500000000        410.8806762695        410.8806762695
    1808078.1250000000     575404.3750000000        407.0220336914        407.0220336914
    1808196.8750000000     575384.2500000000        392.6131286621        392.6131286621
    1808347.1250000000     575358.7500000000        374.4066772461        374.4066772461
    1808497.2500000000     575333.3125000000        358.4551391602        358.4551391602
    1808647.5000000000     575307.8125000000        349.2439880371        349.2439880371
    1808797.7500000000     575282.3125000000        342.5599670410        342.5599670410
    1808947.8750000000     575256.8750000000        337.8544921875        337.8544921875
    1808963.1250000000     575254.2500000000        337.4273986816        337.4273986816
    1809098.1250000000     575231.3750000000        333.8927612305        333.8927612305
    1809248.3750000000     575205.8750000000        329.1958618164        329.1958618164
    1809398.5000000000     575180.3750000000        322.1637268066        322.1637268066
    1809548.7500000000     575154.9375000000        310.9199829102        310.9199829102
    1809699.0000000000     575129.4375000000        292.9059753418        292.9059753418
    1809848.1250000000     575104.1250000000        264.5185546875        264.5185546875
    1809849.1250000000     575103.9375000000        264.3197937012        264.3197937012
    1809999.3750000000     575078.5000000000        228.4999237061        228.4999237061
    1810149.6250000000     575053.0000000000        201.2895202637        201.2895202637
    1810299.8750000000     575027.5000000000        177.8264007568        177.8264007568
    1810450.0000000000     575002.0000000000        158.3053283691        158.3053283691
    1810600.2500000000     574976.5625000000        144.6524810791        144.6524810791
    1810733.1250000000     574954.0000000000        135.9403381348        135.9403381348
    1810750.5000000000     574951.0625000000        134.8784637451        134.8784637451
    1810900.6250000000     574925.5625000000        126.6614456177        126.6614456177
    1811050.8750000000     574900.0625000000        118.3541870117        118.3541870117
    1811201.1250000000     574874.6250000000        109.0483703613        109.0483703613
    1811351.2500000000     574849.1250000000         97.8267593384         97.8267593384
    1811501.5000000000     574823.6250000000         82.5714721680         82.5714721680
    1811618.1250000000     574803.8750000000         68.7108306885         68.7108306885
    1811651.7500000000     574798.1875000000         64.9173736572         64.9173736572
    1811802.0000000000     574772.6875000000         53.8791770935         53.8791770935
    1811952.1250000000     574747.1875000000         46.0940589905         46.0940589905
    1812102.3750000000     574721.6875000000         36.4833946228         36.4833946228
    1812252.6250000000     574696.2500000000         22.3821506500         22.3821506500
    1812402.7500000000     574670.7500000000          7.1518759727          7.1518759727
    1812503.1250000000     574653.7500000000         -2.4061799049         -2.4061799049
    1812553.0000000000     574645.2500000000         -7.6258401871         -7.6258401871
    1812703.2500000000     574619.8125000000        -25.3437767029        -25.3437767029
    1812853.3750000000     574594.3125000000        -38.2292938232        -38.2292938232
    1813003.6250000000     574568.8125000000        -59.9992828369        -59.9992828369
