# Model:	C:/Users/tmenotti/Documents/STANFORD/RESEARCH/NEW_SALINAS/MODELS/PM2011/SALINAS/pm3d/02_W_SALINAS
# Data Access:	Top
# Event:	Event_11
# X, Y Unit:	meter
# Depth Unit:	meter
# Layer:	04_WEST_RELIZ_700x747
# Overlay:	Depth
# Overlay Unit:	meter
#
#
#                X                 Y                 Z             Value
    1785292.0000000000     607651.5000000000        196.8578643799        196.8578643799
    1785364.6250000000     607637.0000000000        208.1861114502        208.1861114502
    1785514.8750000000     607606.9375000000        251.2968597412        251.2968597412
    1785665.0000000000     607576.8750000000        262.2914428711        262.2914428711
    1785761.6250000000     607557.5625000000        267.6339111328        267.6339111328
    1785815.2500000000     607545.1875000000        270.7879943848        270.7879943848
    1785868.7500000000     607532.8750000000        274.0957031250        274.0957031250
    1785965.5000000000     607510.5625000000        278.7794799805        278.7794799805
    1786115.7500000000     607475.8750000000        290.3450622559        290.3450622559
    1786265.8750000000     607441.2500000000        307.9796447754        307.9796447754
    1786416.1250000000     607406.5625000000        332.1099548340        332.1099548340
    1786519.3750000000     607382.7500000000        352.9075622559        352.9075622559
    1786566.3750000000     607371.8750000000        361.7564392090        361.7564392090
    1786716.5000000000     607337.2500000000        392.3530883789        392.3530883789
    1786866.7500000000     607302.5625000000        422.5562438965        422.5562438965
    1787017.0000000000     607267.8750000000        448.9575805664        448.9575805664
    1787167.1250000000     607233.2500000000        469.0261535645        469.0261535645
    1787170.0000000000     607232.6250000000        469.2658996582        469.2658996582
    1787317.3750000000     607198.5625000000        481.2215576172        481.2215576172
    1787467.6250000000     607163.9375000000        487.6141967773        487.6141967773
    1787617.7500000000     607129.2500000000        489.5212707520        489.5212707520
    1787768.0000000000     607094.5625000000        492.5026550293        492.5026550293
    1787820.5000000000     607082.4375000000        496.3644104004        496.3644104004
    1787918.2500000000     607059.9375000000        504.1050415039        504.1050415039
    1788068.5000000000     607025.2500000000        526.2963256836        526.2963256836
    1788218.6250000000     606990.5625000000        560.0955810547        560.0955810547
    1788368.8750000000     606955.9375000000        607.9629516602        607.9629516602
    1788471.1250000000     606932.3125000000        651.4258422852        651.4258422852
    1788519.1250000000     606921.2500000000        672.0365600586        672.0365600586
    1788669.2500000000     606886.5625000000        742.7025146484        742.7025146484
    1788819.5000000000     606851.9375000000        812.5376586914        812.5376586914
    1788969.7500000000     606817.2500000000        877.0639648438        877.0639648438
    1789119.8750000000     606782.6250000000        931.5742187500        931.5742187500
    1789121.6250000000     606782.1875000000        931.9974365234        931.9974365234
    1789270.1250000000     606747.9375000000        964.8056640625        964.8056640625
    1789420.3750000000     606713.2500000000        982.6558227539        982.6558227539
    1789570.6250000000     606678.6250000000        994.2822875977        994.2822875977
    1789720.7500000000     606643.9375000000       1005.0712890625       1005.0712890625
    1789772.2500000000     606632.0625000000       1010.2271728516       1010.2271728516
    1789871.0000000000     606609.2500000000       1019.9978027344       1019.9978027344
    1790021.2500000000     606574.6250000000       1043.5955810547       1043.5955810547
    1790171.3750000000     606539.9375000000       1077.6735839844       1077.6735839844
    1790321.6250000000     606505.3125000000       1112.8587646484       1112.8587646484
    1790422.8750000000     606481.9375000000       1147.1414794922       1147.1414794922
    1790471.8750000000     606470.6250000000       1163.7340087891       1163.7340087891
    1790622.0000000000     606435.9375000000       1184.8865966797       1184.8865966797
    1790645.7500000000     606430.5000000000       1185.8367919922       1185.8367919922
    1790735.5000000000     606331.8125000000       1193.8896484375       1193.8896484375
    1790772.2500000000     606291.3750000000       1191.7631835938       1191.7631835938
    1790872.0000000000     606181.6875000000       1198.2518310547       1198.2518310547
    1790922.5000000000     606126.1250000000       1203.4841308594       1203.4841308594
    1791008.5000000000     606031.5000000000       1213.7525634766       1213.7525634766
    1791072.6250000000     605960.9375000000       1222.1558837891       1222.1558837891
    1791145.0000000000     605881.3750000000       1233.4644775391       1233.4644775391
    1791222.8750000000     605795.6875000000       1245.3465576172       1245.3465576172
    1791281.5000000000     605731.2500000000       1252.2593994141       1252.2593994141
    1791373.1250000000     605630.4375000000       1261.6290283203       1261.6290283203
    1791417.8750000000     605581.1250000000       1264.7678222656       1264.7678222656
    1791523.3750000000     605465.1875000000       1271.6297607422       1271.6297607422
    1791554.3750000000     605431.0000000000       1273.1118164063       1273.1118164063
    1791673.5000000000     605300.0000000000       1281.3105468750       1281.3105468750
    1791690.8750000000     605280.8750000000       1282.3668212891       1282.3668212891
    1791823.7500000000     605134.7500000000       1289.7038574219       1289.7038574219
    1791827.3750000000     605130.7500000000       1289.9371337891       1289.9371337891
    1791963.8750000000     604980.6250000000       1298.2604980469       1298.2604980469
    1791974.0000000000     604969.5000000000       1298.8311767578       1298.8311767578
    1792100.3750000000     604830.4375000000       1306.7697753906       1306.7697753906
    1792124.1250000000     604804.2500000000       1308.1854248047       1308.1854248047
    1792236.8750000000     604680.3125000000       1319.7769775391       1319.7769775391
    1792274.3750000000     604639.0625000000       1324.1302490234       1324.1302490234
    1792373.3750000000     604530.1875000000       1335.2839355469       1335.2839355469
    1792424.6250000000     604473.8125000000       1340.6157226563       1340.6157226563
    1792509.7500000000     604380.0625000000       1364.7604980469       1364.7604980469
    1792574.7500000000     604308.5625000000       1383.5277099609       1383.5277099609
    1792646.2500000000     604229.9375000000       1406.6606445313       1406.6606445313
    1792725.0000000000     604143.3125000000       1429.8707275391       1429.8707275391
    1792782.7500000000     604079.8125000000       1438.7604980469       1438.7604980469
    1792875.2500000000     603978.1250000000       1454.3767089844       1454.3767089844
    1792919.2500000000     603929.6875000000       1460.7899169922       1460.7899169922
    1793025.5000000000     603812.8750000000       1476.8922119141       1476.8922119141
    1793055.7500000000     603779.5625000000       1480.3646240234       1480.3646240234
    1793175.6250000000     603647.6250000000       1494.4259033203       1494.4259033203
    1793192.2500000000     603629.3750000000       1496.3267822266       1496.3267822266
    1793325.8750000000     603482.4375000000       1513.7315673828       1513.7315673828
    1793328.7500000000     603479.2500000000       1514.2111816406       1514.2111816406
    1793465.2500000000     603329.1250000000       1540.0515136719       1540.0515136719
    1793476.1250000000     603317.1875000000       1542.3802490234       1542.3802490234
    1793601.6250000000     603179.0000000000       1577.5222167969       1577.5222167969
    1793626.2500000000     603151.9375000000       1584.6528320313       1584.6528320313
    1793738.1250000000     603028.8750000000       1614.8542480469       1614.8542480469
    1793776.5000000000     602986.6875000000       1624.7153320313       1624.7153320313
    1793874.6250000000     602878.7500000000       1646.8345947266       1646.8345947266
    1793926.7500000000     602821.5000000000       1657.5195312500       1657.5195312500
    1794011.1250000000     602728.6250000000       1672.6148681641       1672.6148681641
    1794076.8750000000     602656.2500000000       1683.0894775391       1683.0894775391
    1794147.6250000000     602578.5000000000       1688.1948242188       1688.1948242188
    1794227.1250000000     602491.0000000000       1695.3388671875       1695.3388671875
    1794284.1250000000     602428.3125000000       1700.9798583984       1700.9798583984
    1794377.3750000000     602325.7500000000       1712.7681884766       1712.7681884766
    1794420.6250000000     602278.1875000000       1717.5903320313       1717.5903320313
    1794527.5000000000     602160.5625000000       1727.6289062500       1727.6289062500
    1794557.1250000000     602128.0625000000       1729.4052734375       1729.4052734375
    1794677.7500000000     601995.3125000000       1731.8978271484       1731.8978271484
    1794693.5000000000     601977.9375000000       1732.0034179688       1732.0034179688
    1794828.0000000000     601830.0625000000       1730.7476806641       1730.7476806641
    1794830.0000000000     601827.8125000000       1730.7274169922       1730.7274169922
    1794966.5000000000     601677.6875000000       1724.9012451172       1724.9012451172
    1794978.2500000000     601664.8125000000       1724.4483642578       1724.4483642578
    1795103.0000000000     601527.5625000000       1721.3066406250       1721.3066406250
    1795128.3750000000     601499.6250000000       1720.3969726563       1720.3969726563
    1795239.5000000000     601377.4375000000       1716.5721435547       1716.5721435547
    1795278.6250000000     601334.3750000000       1714.5128173828       1714.5128173828
    1795376.0000000000     601227.2500000000       1708.7498779297       1708.7498779297
    1795428.8750000000     601169.1250000000       1708.5599365234       1708.5599365234
    1795512.5000000000     601077.1250000000       1718.4173583984       1718.4173583984
    1795579.0000000000     601003.9375000000       1728.3572998047       1728.3572998047
    1795649.0000000000     600927.0000000000       1741.1370849609       1741.1370849609
    1795729.2500000000     600838.6875000000       1751.8410644531       1751.8410644531
    1795785.3750000000     600776.8750000000       1761.4468994141       1761.4468994141
    1795879.5000000000     600673.4375000000       1777.6226806641       1777.6226806641
    1795921.8750000000     600626.7500000000       1785.0804443359       1785.0804443359
    1796029.6250000000     600508.1875000000       1808.3348388672       1808.3348388672
    1796058.3750000000     600476.6250000000       1817.0745849609       1817.0745849609
    1796179.8750000000     600343.0000000000       1845.1286621094       1845.1286621094
    1796194.8750000000     600326.5000000000       1849.3797607422       1849.3797607422
    1796281.3750000000     600231.3750000000       1866.0885009766       1866.0885009766
    1796323.0000000000     600176.3125000000       1865.8123779297       1865.8123779297
    1796330.1250000000     600167.0000000000       1866.7031250000       1866.7031250000
    1796436.7500000000     600026.1875000000       1873.5546875000       1873.5546875000
    1796480.3750000000     599968.5625000000       1872.5639648438       1872.5639648438
    1796550.3750000000     599876.0625000000       1867.3968505859       1867.3968505859
    1796630.5000000000     599770.1875000000       1855.3206787109       1855.3206787109
    1796664.0000000000     599725.9375000000       1849.5113525391       1849.5113525391
    1796777.7500000000     599575.8125000000       1838.0402832031       1838.0402832031
    1796780.7500000000     599571.8125000000       1838.2189941406       1838.2189941406
    1796891.3750000000     599425.6875000000       1827.7532958984       1827.7532958984
    1796931.0000000000     599373.3750000000       1823.3760986328       1823.3760986328
    1797005.0000000000     599275.5625000000       1813.5462646484       1813.5462646484
    1797081.1250000000     599175.0000000000       1802.7595214844       1802.7595214844
    1797118.7500000000     599125.4375000000       1796.6464843750       1796.6464843750
    1797231.3750000000     598976.6250000000       1772.4416503906       1772.4416503906
    1797232.3750000000     598975.2500000000       1772.2255859375       1772.2255859375
    1797346.1250000000     598825.1250000000       1751.0456542969       1751.0456542969
    1797381.6250000000     598778.2500000000       1742.4293212891       1742.4293212891
    1797459.7500000000     598675.0000000000       1720.1934814453       1720.1934814453
    1797531.7500000000     598579.8125000000       1700.5069580078       1700.5069580078
    1797573.3750000000     598524.8750000000       1689.7905273438       1689.7905273438
    1797682.0000000000     598381.4375000000       1655.2937011719       1655.2937011719
    1797687.1250000000     598374.7500000000       1653.6838378906       1653.6838378906
    1797800.7500000000     598224.6250000000       1615.7655029297       1615.7655029297
    1797832.2500000000     598183.0625000000       1605.7451171875       1605.7451171875
    1797914.3750000000     598074.5000000000       1578.7401123047       1578.7401123047
    1797982.3750000000     597984.6250000000       1561.3840332031       1561.3840332031
    1798028.1250000000     597924.3750000000       1549.4123535156       1549.4123535156
    1798132.6250000000     597786.2500000000       1524.9410400391       1524.9410400391
    1798141.7500000000     597774.1875000000       1522.7714843750       1522.7714843750
    1798255.5000000000     597624.0625000000       1500.2565917969       1500.2565917969
    1798282.8750000000     597587.8750000000       1495.5493164063       1495.5493164063
    1798369.1250000000     597473.9375000000       1478.5803222656       1478.5803222656
    1798433.1250000000     597389.5000000000       1468.9543457031       1468.9543457031
    1798482.7500000000     597323.8125000000       1458.5559082031       1458.5559082031
    1798583.2500000000     597191.0625000000       1454.4584960938       1454.4584960938
    1798596.5000000000     597173.6875000000       1452.7830810547       1452.7830810547
    1798710.1250000000     597023.5625000000       1406.0686035156       1406.0686035156
    1798733.5000000000     596992.6875000000       1396.5141601563       1396.5141601563
    1798823.7500000000     596873.4375000000       1369.0148925781       1369.0148925781
    1798883.7500000000     596794.3125000000       1350.8294677734       1350.8294677734
    1798937.5000000000     596723.3125000000       1334.5278320313       1334.5278320313
    1799033.8750000000     596595.8750000000       1307.7758789063       1307.7758789063
    1799051.1250000000     596573.1250000000       1303.3197021484       1303.3197021484
    1799164.8750000000     596423.0000000000       1283.3071289063       1283.3071289063
    1799184.1250000000     596397.5000000000       1280.2106933594       1280.2106933594
    1799278.5000000000     596272.8750000000       1265.7263183594       1265.7263183594
    1799334.3750000000     596199.1250000000       1258.2480468750       1258.2480468750
    1799392.1250000000     596122.7500000000       1253.0866699219       1253.0866699219
    1799484.5000000000     596000.7500000000       1247.4573974609       1247.4573974609
    1799505.8750000000     595972.6250000000       1247.9240722656       1247.9240722656
    1799619.5000000000     595822.5000000000       1252.8885498047       1252.8885498047
    1799634.7500000000     595802.3125000000       1253.6279296875       1253.6279296875
    1799733.1250000000     595672.3750000000       1260.3040771484       1260.3040771484
    1799785.0000000000     595603.9375000000       1261.7702636719       1261.7702636719
    1799846.8750000000     595522.1875000000       1263.0330810547       1263.0330810547
    1799935.2500000000     595405.5625000000       1264.2208251953       1264.2208251953
    1799960.5000000000     595372.0625000000       1263.0742187500       1263.0742187500
    1800074.2500000000     595221.9375000000       1257.8399658203       1257.8399658203
    1800085.3750000000     595207.1250000000       1257.3653564453       1257.3653564453
    1800187.8750000000     595071.8125000000       1245.3245849609       1245.3245849609
    1800235.6250000000     595008.7500000000       1241.1529541016       1241.1529541016
    1800301.5000000000     594921.6875000000       1229.1810302734       1229.1810302734
    1800385.8750000000     594810.3750000000       1211.8525390625       1211.8525390625
    1800415.2500000000     594771.5625000000       1205.8769531250       1205.8769531250
    1800528.8750000000     594621.4375000000       1184.0239257813       1184.0239257813
    1800536.0000000000     594612.0000000000       1182.2644042969       1182.2644042969
    1800642.5000000000     594471.3125000000       1157.0670166016       1157.0670166016
    1800686.2500000000     594413.5625000000       1148.6044921875       1148.6044921875
    1800756.2500000000     594321.1250000000       1136.1232910156       1136.1232910156
    1800836.5000000000     594215.1875000000       1121.0460205078       1121.0460205078
    1800869.8750000000     594171.0000000000       1114.9517822266       1114.9517822266
    1800983.6250000000     594020.8750000000       1092.9096679688       1092.9096679688
    1800986.6250000000     594016.8125000000       1092.2528076172       1092.2528076172
    1801097.2500000000     593870.7500000000       1069.1452636719       1069.1452636719
    1801136.8750000000     593818.3750000000       1060.8492431641       1060.8492431641
    1801210.8750000000     593720.6250000000       1046.4504394531       1046.4504394531
    1801287.1250000000     593620.0000000000       1039.3138427734       1039.3138427734
    1801324.6250000000     593570.5000000000       1036.2420654297       1036.2420654297
    1801437.2500000000     593421.6250000000       1034.2512207031       1034.2512207031
    1801438.2500000000     593420.3750000000       1034.2095947266       1034.2095947266
    1801551.8750000000     593270.2500000000       1039.7962646484       1039.7962646484
    1801587.5000000000     593223.1875000000       1047.1987304688       1047.1987304688
    1801665.6250000000     593120.0625000000       1066.4693603516       1066.4693603516
    1801737.7500000000     593024.8125000000       1066.3602294922       1066.3602294922
    1801779.2500000000     592969.9375000000       1065.9395751953       1065.9395751953
    1801888.0000000000     592826.4375000000       1028.6516113281       1028.6516113281
    1801893.0000000000     592819.8125000000       1026.7962646484       1026.7962646484
    1802006.6250000000     592669.6875000000       1025.2126464844       1025.2126464844
    1802038.1250000000     592628.0625000000       1022.3264160156       1022.3264160156
    1802120.2500000000     592519.5625000000       1015.6546020508       1015.6546020508
    1802188.3750000000     592429.6250000000       1000.1050415039       1000.1050415039
    1802234.0000000000     592369.4375000000        990.8327026367        990.8327026367
    1802338.6250000000     592231.2500000000        981.4864501953        981.4864501953
    1802347.6250000000     592219.3125000000        978.0305786133        978.0305786133
    1802461.2500000000     592069.1875000000        922.5125732422        922.5125732422
    1802488.7500000000     592032.8750000000        915.9354858398        915.9354858398
    1802575.0000000000     591919.0000000000        906.6165161133        906.6165161133
    1802639.0000000000     591834.4375000000        903.1693725586        903.1693725586
    1802688.6250000000     591768.8750000000        900.0547485352        900.0547485352
    1802789.2500000000     591636.0625000000        887.6170654297        887.6170654297
    1802802.3750000000     591618.7500000000        885.1500854492        885.1500854492
    1802916.0000000000     591468.6250000000        861.4426269531        861.4426269531
    1802939.3750000000     591437.6875000000        855.1589355469        855.1589355469
    1803029.6250000000     591318.5000000000        830.7549438477        830.7549438477
    1803089.6250000000     591239.3125000000        811.8964843750        811.8964843750
    1803143.3750000000     591168.3750000000        794.6583251953        794.6583251953
    1803239.8750000000     591040.8750000000        765.0248413086        765.0248413086
    1803257.0000000000     591018.2500000000        759.1761474609        759.1761474609
    1803370.7500000000     590868.1250000000        705.6328125000        705.6328125000
    1803390.1250000000     590842.5000000000        695.6357421875        695.6357421875
    1803484.3750000000     590717.9375000000        655.6115722656        655.6115722656
    1803540.2500000000     590644.1250000000        631.2342529297        631.2342529297
    1803598.0000000000     590567.8125000000        620.4414672852        620.4414672852
    1803690.5000000000     590445.6875000000        633.3231811523        633.3231811523
    1803711.7500000000     590417.6875000000        638.9806518555        638.9806518555
    1803825.3750000000     590267.5625000000        677.9583129883        677.9583129883
    1803840.7500000000     590247.3125000000        680.3586425781        680.3586425781
    1803939.0000000000     590117.4375000000        660.7670288086        660.7670288086
    1803990.8750000000     590048.9375000000        646.1080322266        646.1080322266
    1804052.7500000000     589967.3125000000        611.6900634766        611.6900634766
    1804141.1250000000     589850.5625000000        572.6163940430        572.6163940430
    1804166.3750000000     589817.1875000000        564.9144287109        564.9144287109
    1804280.1250000000     589667.0000000000        549.9584960938        549.9584960938
    1804291.3750000000     589652.1250000000        549.0272827148        549.0272827148
    1804393.7500000000     589516.8750000000        540.4960327148        540.4960327148
    1804441.5000000000     589453.7500000000        536.3068847656        536.3068847656
    1804507.3750000000     589366.7500000000        533.3730468750        533.3730468750
    1804591.7500000000     589255.3750000000        533.0944213867        533.0944213867
    1804621.1250000000     589216.6250000000        533.2413940430        533.2413940430
    1804734.7500000000     589066.5000000000        531.0706176758        531.0706176758
    1804742.0000000000     589056.9375000000        530.8805541992        530.8805541992
    1804848.3750000000     588916.3750000000        520.7319335938        520.7319335938
    1804892.1250000000     588858.5625000000        515.7319335938        515.7319335938
    1804962.1250000000     588766.2500000000        509.1997070313        509.1997070313
    1805042.3750000000     588660.1875000000        508.9882507324        508.9882507324
    1805075.7500000000     588616.1250000000        511.7638244629        511.7638244629
    1805189.5000000000     588466.0000000000        511.1366577148        511.1366577148
    1805192.6250000000     588461.7500000000        511.1161804199        511.1161804199
    1805303.1250000000     588315.8125000000        510.4063415527        510.4063415527
    1805342.8750000000     588263.3750000000        510.9731445313        510.9731445313
    1805416.7500000000     588165.6875000000        526.9503784180        526.9503784180
    1805493.0000000000     588065.0000000000        558.8917236328        558.8917236328
    1805530.5000000000     588015.5625000000        568.6137084961        568.6137084961
    1805643.2500000000     587866.6250000000        552.8927612305        552.8927612305
    1805644.1250000000     587865.4375000000        552.2786865234        552.2786865234
    1805757.7500000000     587715.3125000000        453.5252380371        453.5252380371
    1805793.5000000000     587668.1875000000        427.4383544922        427.4383544922
    1805871.5000000000     587565.1875000000        409.3980712891        409.3980712891
    1805943.6250000000     587469.8125000000        409.5479125977        409.5479125977
    1805985.1250000000     587415.0625000000        410.2610473633        410.2610473633
    1806093.8750000000     587271.4375000000        411.6184082031        411.6184082031
    1806098.8750000000     587264.8750000000        411.7034301758        411.7034301758
    1806212.5000000000     587114.7500000000        408.1790161133        408.1790161133
    1806237.5000000000     587081.6875000000        407.1188659668        407.1188659668
    1806237.5000000000     586964.6250000000        396.4053955078        396.4053955078
    1806237.5000000000     586814.5000000000        382.4598388672        382.4598388672
    1806237.5000000000     586664.3750000000        379.0208435059        379.0208435059
    1806237.5000000000     586514.2500000000        369.2327880859        369.2327880859
    1806237.5000000000     586364.1250000000        374.1943054199        374.1943054199
    1806237.5000000000     586214.0000000000        390.7897644043        390.7897644043
    1806237.5000000000     586063.8125000000        382.7436523438        382.7436523438
    1806237.5000000000     585913.6875000000        368.8642883301        368.8642883301
    1806237.5000000000     585763.5625000000        358.7311096191        358.7311096191
    1806237.5000000000     585613.4375000000        341.7830810547        341.7830810547
    1806237.5000000000     585463.3125000000        324.2958068848        324.2958068848
    1806237.5000000000     585313.1875000000        307.1780700684        307.1780700684
    1806237.5000000000     585163.0625000000        291.8815002441        291.8815002441
    1806237.5000000000     585012.9375000000        279.3479309082        279.3479309082
    1806237.5000000000     584862.7500000000        270.0783386230        270.0783386230
    1806237.5000000000     584712.6250000000        263.9715881348        263.9715881348
    1806237.5000000000     584562.5000000000        260.4016418457        260.4016418457
    1806237.5000000000     584412.3750000000        258.5857238770        258.5857238770
    1806237.5000000000     584262.2500000000        257.9372558594        257.9372558594
    1806237.5000000000     584112.1250000000        257.2919616699        257.2919616699
    1806237.5000000000     583962.0000000000        259.7585144043        259.7585144043
    1806237.5000000000     583811.8750000000        263.0752258301        263.0752258301
    1806237.5000000000     583661.6875000000        265.9947509766        265.9947509766
    1806237.5000000000     583511.5625000000        269.7698059082        269.7698059082
    1806237.5000000000     583361.4375000000        271.5079650879        271.5079650879
    1806237.5000000000     583211.3125000000        272.9251708984        272.9251708984
    1806237.5000000000     583061.1875000000        275.4236145020        275.4236145020
    1806237.5000000000     582911.0625000000        278.7455749512        278.7455749512
    1806237.5000000000     582760.9375000000        282.1263732910        282.1263732910
    1806237.5000000000     582610.7500000000        286.5433959961        286.5433959961
    1806237.5000000000     582460.6250000000        291.3152770996        291.3152770996
    1806237.5000000000     582310.5000000000        295.1752929688        295.1752929688
    1806237.5000000000     582160.3750000000        297.9976501465        297.9976501465
    1806237.5000000000     582010.2500000000        299.9512329102        299.9512329102
    1806237.5000000000     581860.1250000000        301.6958618164        301.6958618164
    1806237.5000000000     581710.0000000000        299.4343261719        299.4343261719
    1806237.5000000000     581559.8750000000        295.1117553711        295.1117553711
    1806237.5000000000     581409.6875000000        290.1289367676        290.1289367676
    1806237.5000000000     581259.5625000000        284.9637145996        284.9637145996
    1806237.5000000000     581109.4375000000        278.7389221191        278.7389221191
    1806237.5000000000     580959.3125000000        271.2891235352        271.2891235352
    1806237.5000000000     580809.1875000000        262.6546325684        262.6546325684
    1806237.5000000000     580659.0625000000        250.8947753906        250.8947753906
    1806237.5000000000     580508.9375000000        235.1803741455        235.1803741455
    1806237.5000000000     580358.8125000000        223.7655944824        223.7655944824
    1806237.5000000000     580208.6250000000        217.5812377930        217.5812377930
    1806237.5000000000     580058.5000000000        216.5463256836        216.5463256836
    1806237.5000000000     579908.3750000000        223.1046447754        223.1046447754
    1806237.5000000000     579758.2500000000        238.4821319580        238.4821319580
    1806237.5000000000     579608.1250000000        253.0567474365        253.0567474365
    1806237.5000000000     579458.0000000000        265.5659179688        265.5659179688
    1806237.5000000000     579307.8750000000        281.4286193848        281.4286193848
    1806237.5000000000     579157.7500000000        286.0559692383        286.0559692383
    1806237.5000000000     579007.5625000000        294.2737426758        294.2737426758
    1806237.5000000000     578857.4375000000        300.1766967773        300.1766967773
    1806237.5000000000     578707.3125000000        303.4460449219        303.4460449219
    1806237.5000000000     578557.1875000000        301.8725280762        301.8725280762
    1806237.5000000000     578407.0625000000        301.1308898926        301.1308898926
    1806237.5000000000     578256.9375000000        298.7829895020        298.7829895020
    1806237.5000000000     578106.8125000000        295.5676269531        295.5676269531
    1806237.5000000000     577956.6875000000        291.4673156738        291.4673156738
    1806237.5000000000     577806.5000000000        295.8944396973        295.8944396973
