# Model:	C:/Users/tmenotti/Documents/STANFORD/RESEARCH/NEW_SALINAS/MODELS/PM2011/SALINAS/pm2d/02_W_SALINAS_2Dextn_PWD_sublyrs_Er3
# Data Access:	Total
# Event:	Event_21
# X, Y Unit:	meter
# Depth Unit:	meter
# Layer:	06_MOHN
# Overlay:	Layer Thickness
# Overlay Unit:	meter
#
#
#                X                 Y                 Z             Value
    1816757.0000000000     573932.0000000000        -89.4796752930       1168.9837646484
    1816609.0000000000     573957.1250000000       -106.2760925293       1123.0045166016
    1816461.0000000000     573982.2500000000       -123.0723648071       1077.0209960938
    1816313.0000000000     574007.3750000000       -144.7732543945       1054.7296142578
    1816164.8750000000     574032.5000000000       -166.5579376221       1032.8417968750
    1816016.8750000000     574057.5625000000       -192.3842315674       1055.4110107422
    1815868.8750000000     574082.6875000000       -218.4055633545       1098.9171142578
    1815720.8750000000     574107.8125000000       -247.0245819092       1172.2182617188
    1815572.8750000000     574132.9375000000       -275.8578186035       1285.2214355469
    1815424.7500000000     574158.0625000000       -304.6910095215       1446.2960205078
    1815276.7500000000     574183.1875000000       -331.3439025879       1597.0854492188
    1815128.7500000000     574208.3125000000       -357.6979980469       1787.3953857422
    1814980.7500000000     574233.3750000000       -364.3756713867       1798.3878173828
    1814832.7500000000     574258.5000000000       -367.5874328613       1776.6451416016
    1814684.7500000000     574283.6250000000       -364.1236877441       1733.5955810547
    1814536.7500000000     574308.7500000000       -359.1952819824       1711.9033203125
    1814388.7500000000     574333.8750000000       -354.2668762207       1696.4735107422
    1814240.6250000000     574359.0000000000       -349.3385009766       1681.0380859375
    1814092.7500000000     574384.1250000000       -344.4101867676       1665.6021728516
    1813944.7500000000     574409.2500000000       -339.4818725586       1674.7541503906
    1813796.6250000000     574434.3750000000       -334.5536193848       1740.5035400391
    1813648.6250000000     574459.5000000000       -331.5553894043       1851.2399902344
    1813500.6250000000     574484.6250000000       -329.3185119629       2012.1883544922
    1813352.6250000000     574509.7500000000       -329.1520996094       2265.4597167969
    1813204.5000000000     574534.8125000000       -329.9285888672       2553.1518554688
    1813056.5000000000     574559.9375000000       -328.4531555176       2677.7297363281
    1812908.5000000000     574585.0625000000       -325.8063659668       2712.7043457031
    1812760.3750000000     574610.1875000000       -321.5526123047       2720.2014160156
    1812612.5000000000     574635.3125000000       -313.6015014648       2718.4580078125
    1812464.5000000000     574660.4375000000       -303.9208984375       2717.4992675781
    1812316.3750000000     574685.5000000000       -296.2802429199       2738.9768066406
    1812168.3750000000     574710.6250000000       -296.9373474121       2811.7565917969
    1812020.3750000000     574735.7500000000       -305.3740844727       2905.8808593750
    1811872.3750000000     574760.8750000000       -319.3191223145       3093.6047363281
    1811724.2500000000     574786.0000000000       -336.1858215332       3240.8417968750
    1811576.2500000000     574811.1250000000       -349.4360961914       3315.7014160156
    1811428.2500000000     574836.2500000000       -359.2072143555       3429.1628417969
    1811280.2500000000     574861.3750000000       -362.1018371582       3489.5578613281
    1811132.2500000000     574886.5000000000       -355.6854553223       3472.0297851563
    1810984.2500000000     574911.5625000000       -347.1442871094       3431.1247558594
    1810836.2500000000     574936.6875000000       -337.1535339355       3374.2770996094
    1810688.2500000000     574961.8125000000       -322.6551513672       3295.0314941406
    1810540.2500000000     574986.9375000000       -304.5440979004       3213.4362792969
    1810392.1250000000     575012.0625000000       -286.4331054688       3144.3950195313
    1810244.1250000000     575037.1875000000       -268.3222045898       3094.9125976563
    1810096.1250000000     575062.3125000000       -250.6562194824       3050.3249511719
    1809948.1250000000     575087.4375000000       -233.7760467529       3014.3815917969
    1809800.1250000000     575112.5625000000       -216.8959655762       2978.4377441406
    1809652.1250000000     575137.6250000000       -200.0156250000       2942.4936523438
    1809504.0000000000     575162.7500000000       -183.1355895996       2901.0610351563
    1809356.0000000000     575187.8750000000       -166.9109497070       2854.1667480469
    1809208.0000000000     575213.0000000000       -152.3134765625       2825.1735839844
    1809060.0000000000     575238.1250000000       -137.7157897949       2796.1752929688
    1808912.0000000000     575263.2500000000       -123.8010025024       2769.2424316406
    1808764.0000000000     575288.3750000000       -112.0153961182       2748.7324218750
    1808616.0000000000     575313.5000000000       -100.2297058105       2728.2219238281
    1808467.8750000000     575338.6250000000        -92.9752960205       2751.8344726563
    1808319.8750000000     575363.6875000000       -104.0252151489       2953.6623535156
    1808171.8750000000     575388.8125000000       -113.7991409302       3141.4558105469
    1808023.8750000000     575413.9375000000       -117.3075485229       3257.6257324219
    1807875.8750000000     575439.0625000000       -120.8159255981       3358.9782714844
    1807727.8750000000     575464.1875000000       -124.0314407349       3453.6308593750
    1807579.7500000000     575489.3125000000       -125.1921081543       3501.3452148438
    1807431.7500000000     575514.4375000000       -126.3531036377       3549.0551757813
    1807283.7500000000     575539.5625000000       -127.5139846802       3596.7692871094
    1807135.7500000000     575564.6875000000       -128.6749267578       3644.4814453125
    1806987.7500000000     575589.7500000000       -129.7807159424       3691.5903320313
    1806839.7500000000     575614.8750000000       -129.8541717529       3727.3405761719
    1806691.7500000000     575640.0000000000       -129.9274749756       3762.9125976563
    1806543.6250000000     575665.1250000000       -129.9768371582       3789.7673339844
    1806395.6250000000     575690.2500000000       -126.0818634033       3720.2475585938
    1806247.6250000000     575715.3750000000       -111.8100585938       3656.2939453125
    1806238.0000000000     575717.0000000000       -110.8755874634       3652.1367187500
    1806238.0000000000     575857.3750000000       -107.6841354370       3571.4165039063
    1806238.0000000000     576007.5000000000        -96.8675537109       3404.6843261719
    1806238.0000000000     576157.6250000000        -86.0089645386       3298.4716796875
    1806238.0000000000     576307.7500000000        -72.7483978271       3189.3422851563
    1806238.0000000000     576457.8750000000        -59.4878501892       3080.6755371094
    1806238.0000000000     576608.0000000000        -46.2274665833       2998.5754394531
    1806238.0000000000     576758.1875000000        -32.9670372009       2916.9216308594
    1806238.0000000000     576908.3125000000        -19.7064857483       2860.3435058594
    1806238.0000000000     577058.4375000000         -6.4461083412       2803.7670898438
    1806238.0000000000     577208.5625000000          6.7641215324       2747.5314941406
    1806238.0000000000     577358.7500000000         17.1057376862       2710.8767089844
    1806238.0000000000     577508.8125000000         27.4474201202       2674.2243652344
    1806238.0000000000     577659.0000000000         37.7890129089       2637.5693359375
    1806238.0000000000     577809.1250000000         48.0811004639       2601.4614257813
    1806238.0000000000     577959.2500000000         55.5865936279       2593.4404296875
    1806238.0000000000     578109.4375000000         63.0465164185       2437.2343750000
    1806238.0000000000     578259.5000000000         67.9096298218       2216.6640625000
    1806238.0000000000     578409.6875000000         72.7215499878       1995.4274902344
    1806238.0000000000     578559.8125000000         74.6390762329       1736.3901367188
    1806238.0000000000     578709.9375000000         76.5015411377       1479.1427001953
    1806238.0000000000     578860.0625000000         75.0365676880       1324.9842529297
    1806238.0000000000     579010.1875000000         60.2581596375       1317.2727050781
    1806238.0000000000     579160.3750000000         48.4371299744       1278.0838623047
    1806238.0000000000     579310.4375000000         36.6160469055       1298.8400878906
    1806238.0000000000     579460.6250000000         24.7948799133       1319.5964355469
    1806238.0000000000     579610.7500000000         12.8434038162       1340.3043212891
    1806238.0000000000     579760.9375000000         -6.5755681992       1357.7253417969
    1806238.0000000000     579911.0000000000        -34.7561302185       1344.2811279297
    1806238.0000000000     580061.1875000000        -84.5256576538       1567.0548095703
    1806238.0000000000     580211.3125000000       -126.5322647095       1638.3247070313
    1806238.0000000000     580361.4375000000       -168.3957366943       1904.1525878906
    1806238.0000000000     580511.5625000000       -202.0963134766       2080.1879882813
    1806238.0000000000     580661.7500000000       -229.9486846924       2191.8952636719
    1806238.0000000000     580811.8125000000       -249.9298553467       2220.9541015625
    1806238.0000000000     580962.0000000000       -262.4626464844       2168.5187988281
    1806238.0000000000     581112.1250000000       -279.4897766113       2241.4499511719
    1806238.0000000000     581262.2500000000       -291.5962829590       2312.3808593750
    1806238.0000000000     581412.3750000000       -303.5350341797       2383.3139648438
    1806238.0000000000     581562.5000000000       -315.4726867676       2454.2451171875
    1806238.0000000000     581712.6250000000       -325.0224304199       2525.1765136719
    1806238.0000000000     581862.7500000000       -336.6260070801       2597.0053710938
    1806238.0000000000     582012.9375000000       -352.3592834473       2718.7902832031
    1806238.0000000000     582163.0625000000       -369.0407409668       2840.5756835938
    1806238.0000000000     582313.1875000000       -386.3088684082       2961.9592285156
    1806238.0000000000     582463.3125000000       -402.0524597168       3083.0625000000
    1806238.0000000000     582613.4375000000       -417.6000366211       3257.5373535156
    1806238.0000000000     582763.6250000000       -426.3684692383       3370.4179687500
    1806238.0000000000     582913.7500000000       -430.4451293945       3439.5117187500
    1806238.0000000000     583063.8750000000       -435.1359252930       3508.0871582031
    1806238.0000000000     583214.0000000000       -437.8077087402       3548.3251953125
    1806238.0000000000     583364.1250000000       -440.7574157715       3588.5617675781
    1806238.0000000000     583514.2500000000       -443.6397705078       3628.1372070313
    1806238.0000000000     583664.4375000000       -442.8466491699       3631.7646484375
    1806238.0000000000     583814.5625000000       -441.5086669922       3633.9038085938
    1806238.0000000000     583964.6875000000       -432.5472106934       3553.7951660156
    1806238.0000000000     584114.8125000000       -423.2117309570       3472.4038085938
    1806238.0000000000     584264.9375000000       -407.7673645020       3320.8852539063
    1806238.0000000000     584415.0625000000       -392.8148803711       3176.7270507813
    1806238.0000000000     584565.2500000000       -404.4396667480       3428.4077148438
    1806238.0000000000     584715.3750000000       -397.9258728027       3469.3127441406
    1806238.0000000000     584865.5000000000       -391.4829711914       3569.5910644531
    1806238.0000000000     585015.6250000000       -385.1297302246       3670.8608398438
    1806238.0000000000     585165.7500000000       -383.6808471680       3826.0900878906
    1806238.0000000000     585315.8750000000       -382.1202087402       3980.6306152344
    1806238.0000000000     585466.0625000000       -374.4954833984       4097.4277343750
    1806238.0000000000     585616.1875000000       -367.0163574219       4215.8330078125
    1806238.0000000000     585766.3125000000       -367.4802246094       4422.2856445313
    1806238.0000000000     585916.4375000000       -373.5170593262       4725.0053710938
    1806238.0000000000     586066.5625000000       -347.3641662598       4672.8188476563
    1806238.0000000000     586216.7500000000       -301.4169921875       4353.2558593750
    1806238.0000000000     586366.8750000000       -269.1889648438       4121.7460937500
    1806238.0000000000     586517.0000000000       -245.5852203369       3985.1057128906
    1806238.0000000000     586667.1250000000       -228.7824859619       3923.2851562500
    1806238.0000000000     586817.2500000000       -216.3971557617       3909.6892089844
    1806238.0000000000     586967.3750000000       -216.9890289307       4018.7431640625
    1806238.0000000000     587082.0000000000       -224.0130615234       4174.1459960938
    1806216.6250000000     587110.3125000000       -226.1891479492       4192.6103515625
    1806125.8750000000     587230.0000000000       -229.2248229980       4233.1621093750
    1806035.2500000000     587349.6875000000       -229.7895355225       4211.3598632813
    1805944.6250000000     587469.3750000000       -232.5600585938       4213.8374023438
    1805854.0000000000     587589.0625000000       -240.5668945313       4273.9355468750
    1805763.3750000000     587708.8125000000       -254.3640289307       4447.8393554688
    1805672.7500000000     587828.5000000000       -279.5682678223       4800.2968750000
    1805582.0000000000     587948.1250000000       -290.4814453125       4992.7563476563
    1805491.5000000000     588067.8750000000       -295.4305419922       5135.8422851563
    1805400.8750000000     588187.5625000000       -323.1949768066       5512.8769531250
    1805310.2500000000     588307.2500000000       -350.9594726563       5751.6860351563
    1805219.6250000000     588426.9375000000       -346.5115356445       5764.1909179688
    1805128.8750000000     588546.6250000000       -325.6500549316       5567.1528320313
    1805038.3750000000     588666.3125000000       -310.4612121582       5398.8520507813
    1804947.6250000000     588786.0000000000       -306.2594604492       5330.6337890625
    1804857.0000000000     588905.6875000000       -299.1852111816       5231.1171875000
    1804766.3750000000     589025.3750000000       -307.3565063477       5347.7719726563
    1804675.7500000000     589145.0625000000       -326.3635559082       5588.1591796875
    1804585.0000000000     589264.7500000000       -348.3951721191       5862.0971679688
    1804494.5000000000     589384.5000000000       -347.2968139648       5883.0107421875
    1804403.8750000000     589504.1250000000       -327.2234497070       5724.8212890625
    1804313.1250000000     589623.8125000000       -307.1498107910       5566.6503906250
    1804222.6250000000     589743.5000000000       -292.5605163574       5514.6479492188
    1804131.8750000000     589863.1875000000       -270.8968505859       5399.0815429688
    1804041.3750000000     589982.9375000000       -245.4437561035       5242.7534179688
    1803950.6250000000     590102.6250000000       -245.5111999512       5373.5473632813
    1803860.1250000000     590222.3125000000       -275.5919189453       5835.0815429688
    1803769.3750000000     590342.0000000000       -303.3646545410       6155.2924804688
    1803678.7500000000     590461.6875000000       -322.0193786621       6299.5625000000
    1803588.1250000000     590581.3750000000       -320.0991516113       6182.5795898438
    1803497.5000000000     590701.0625000000       -322.8759155273       6117.2373046875
    1803406.7500000000     590820.7500000000       -325.7788085938       6086.9267578125
    1803316.2500000000     590940.4375000000       -323.0058898926       5999.2709960938
    1803225.6250000000     591060.1250000000       -326.8373107910       5984.5795898438
    1803134.8750000000     591179.8125000000       -348.9562072754       6171.0454101563
    1803044.2500000000     591299.5000000000       -365.5879516602       6297.1567382813
    1802953.6250000000     591419.1875000000       -366.4196166992       6392.1489257813
    1802863.0000000000     591538.8750000000       -370.5368041992       6550.4550781250
    1802772.3750000000     591658.5625000000       -370.3328552246       6665.8471679688
    1802681.8750000000     591778.3125000000       -353.5096740723       6598.0771484375
    1802591.1250000000     591897.9375000000       -332.5976257324       6485.2949218750
    1802500.5000000000     592017.6875000000       -301.2522888184       6252.1215820313
    1802409.8750000000     592137.3750000000       -279.7290344238       6101.6640625000
    1802319.2500000000     592257.0625000000       -258.7615966797       5957.3022460938
    1802228.6250000000     592376.7500000000       -232.7881927490       5757.8627929688
    1802138.0000000000     592496.4375000000       -198.9667510986       5472.1113281250
    1802047.3750000000     592616.1250000000       -192.4109191895       5486.1928710938
    1801956.6250000000     592735.8125000000       -204.9169158936       5734.6796875000
    1801866.1250000000     592855.5000000000       -219.9015350342       6067.3378906250
    1801775.3750000000     592975.1875000000       -225.9823913574       6302.1596679688
    1801684.7500000000     593094.8750000000       -232.0602111816       6536.9331054688
    1801594.1250000000     593214.5625000000       -240.6395874023       6791.4091796875
    1801503.5000000000     593334.2500000000       -256.1316528320       7121.9541015625
    1801412.8750000000     593453.9375000000       -279.9888000488       7544.6025390625
    1801322.2500000000     593573.6250000000       -311.4439392090       8050.4091796875
    1801231.6250000000     593693.3125000000       -331.6135253906       8457.3417968750
    1801141.0000000000     593813.0000000000       -344.6679382324       8831.3681640625
    1801050.3750000000     593932.6875000000       -368.2649230957       9320.9365234375
    1800959.7500000000     594052.3750000000       -386.6343688965       9788.4658203125
    1800869.1250000000     594172.1250000000       -375.0345764160       9891.4335937500
    1800778.3750000000     594291.8125000000       -373.3446655273      10103.4189453125
    1800687.7500000000     594411.5000000000       -380.3082580566      10410.5937500000
    1800597.1250000000     594531.1875000000       -383.7663879395      10679.2001953125
    1800506.5000000000     594650.8750000000       -388.5928039551      10951.1435546875
    1800415.8750000000     594770.5625000000       -411.4125976563      11402.2617187500
    1800325.2500000000     594890.2500000000       -426.5203552246      11768.5234375000
    1800234.6250000000     595009.9375000000       -419.8745727539      11895.4970703125
    1800144.0000000000     595129.6250000000       -428.0394592285      12257.3583984375
    1800053.3750000000     595249.3125000000       -452.3137512207      12873.2968750000
    1799962.7500000000     595369.0000000000       -488.1027832031      13615.8789062500
    1799872.1250000000     595488.6875000000       -500.6622619629      14102.9921875000
    1799781.5000000000     595608.3750000000       -474.3561706543      14164.7812500000
    1799690.7500000000     595728.0625000000       -399.2333374023      13689.6132812500
    1799600.1250000000     595847.7500000000       -337.7835083008      13364.3916015625
    1799509.5000000000     595967.4375000000       -307.1184387207      13373.9599609375
    1799418.8750000000     596087.1250000000       -289.0914306641      13451.7490234375
    1799328.2500000000     596206.8750000000       -272.2022705078      13541.9023437500
    1799237.6250000000     596326.5000000000       -272.5093688965      13821.3857421875
    1799147.0000000000     596446.2500000000       -291.0032958984      14301.9238281250
    1799056.3750000000     596565.9375000000       -325.7071533203      14960.0761718750
    1798965.7500000000     596685.6250000000       -373.3885192871      15760.8183593750
    1798875.1250000000     596805.3125000000       -378.7872924805      16063.1240234375
    1798784.5000000000     596925.0000000000       -372.0808715820      16172.3867187500
    1798693.8750000000     597044.6875000000       -351.8710632324      16130.9238281250
    1798603.2500000000     597164.3750000000       -330.5987548828      16075.1806640625
    1798512.5000000000     597284.0625000000       -300.4465942383      15919.5986328125
    1798421.8750000000     597403.7500000000       -259.6500854492      15634.2001953125
    1798331.2500000000     597523.4375000000       -206.8778839111      15210.9716796875
    1798240.6250000000     597643.1250000000       -146.6005401611      14697.0917968750
    1798150.0000000000     597762.8125000000        -84.0771942139      14147.0322265625
    1798059.3750000000     597882.5000000000        -49.1333770752      13909.2861328125
    1797968.7500000000     598002.1875000000         -6.0772948265      13596.6835937500
    1797878.1250000000     598121.8750000000         58.1060447693      13062.1953125000
    1797787.5000000000     598241.5625000000        126.7038650513      12462.3564453125
    1797696.8750000000     598361.3125000000        197.5134429932      11780.1992187500
    1797606.2500000000     598480.9375000000        267.8554687500      11098.0546875000
    1797515.5000000000     598600.6875000000        332.2247924805      10492.8193359375
    1797424.8750000000     598720.3750000000        396.2355346680       9898.1484375000
    1797334.2500000000     598840.0625000000        441.1470947266       9516.1865234375
    1797243.6250000000     598959.7500000000        487.1604309082       9122.7607421875
    1797153.0000000000     599079.4375000000        522.2501831055       8727.2958984375
    1797062.3750000000     599199.1250000000        548.5081176758       8407.9277343750
    1796971.7500000000     599318.8125000000        567.2155761719       8171.6147460938
    1796881.1250000000     599438.5000000000        579.8472290039       8002.1367187500
    1796790.5000000000     599558.1875000000        587.8330078125       7883.7607421875
    1796699.8750000000     599677.8750000000        592.2659301758       7804.4619140625
    1796609.2500000000     599797.5625000000        594.4823608398       7761.6621093750
    1796518.6250000000     599917.2500000000        595.6242675781       7738.7421875000
    1796428.0000000000     600036.9375000000        596.4249877930       7719.5717773438
    1796337.2500000000     600156.6250000000        593.8826904297       7737.1728515625
    1796281.0000000000     600231.0625000000        592.3029785156       7766.7216796875
    1796242.7500000000     600273.1250000000        591.3404541016       7786.4858398438
    1796141.7500000000     600384.1875000000        587.1825561523       7793.0322265625
    1796040.7500000000     600495.2500000000        581.1599731445       7762.0322265625
    1795939.7500000000     600606.3750000000        573.2659912109       7751.6313476563
    1795838.7500000000     600717.4375000000        565.3715209961       7707.9985351563
    1795737.7500000000     600828.5625000000        557.4774169922       7657.0419921875
    1795636.7500000000     600939.6250000000        551.9068603516       7685.1630859375
    1795535.8750000000     601050.7500000000        546.5610961914       7720.9384765625
    1795434.8750000000     601161.8750000000        541.2150878906       7756.7080078125
    1795333.8750000000     601272.9375000000        530.9115600586       7708.3613281250
    1795232.8750000000     601384.0625000000        517.8822021484       7710.0009765625
    1795131.8750000000     601495.1250000000        501.9245910645       7743.8608398438
    1795030.8750000000     601606.2500000000        481.2375793457       7723.3710937500
    1794929.8750000000     601717.3125000000        460.3650817871       7700.7392578125
    1794828.8750000000     601828.3750000000        439.4911804199       7678.1025390625
    1794727.8750000000     601939.5000000000        418.6188964844       7655.4687500000
    1794627.0000000000     602050.6250000000        399.8364257813       7654.1674804688
    1794525.8750000000     602161.6875000000        383.0674133301       7654.4150390625
    1794425.0000000000     602272.8125000000        368.3851013184       7669.3164062500
    1794324.0000000000     602383.8750000000        356.0428161621       7676.9541015625
    1794223.0000000000     602495.0000000000        345.8122253418       7678.0332031250
    1794122.0000000000     602606.1250000000        335.5815734863       7679.1083984375
    1794021.0000000000     602717.1875000000        325.3510742188       7680.1748046875
    1793920.0000000000     602828.2500000000        308.2162475586       7755.2817382813
    1793819.1250000000     602939.3750000000        283.8961486816       7881.1865234375
    1793718.0000000000     603050.4375000000        259.5746765137       8007.0996093750
    1793617.1250000000     603161.5625000000        235.2545013428       8133.0009765625
    1793516.1250000000     603272.6250000000        210.9338226318       8258.9003906250
    1793415.1250000000     603383.7500000000        189.3141784668       8379.0146484375
    1793314.1250000000     603494.8750000000        169.8621826172       8491.1396484375
    1793213.1250000000     603605.9375000000        153.3488311768       8570.9335937500
    1793112.1250000000     603717.0625000000        138.8247375488       8628.8496093750
    1793011.1250000000     603828.1250000000        126.0198059082       8667.8554687500
    1792910.1250000000     603939.2500000000        116.5029220581       8670.6865234375
    1792809.1250000000     604050.3125000000        106.9866027832       8673.5175781250
    1792708.1250000000     604161.4375000000        101.3612365723       8633.5449218750
    1792607.2500000000     604272.5000000000         98.4883880615       8563.2949218750
    1792506.2500000000     604383.6250000000         97.5253067017       8472.0322265625
    1792405.2500000000     604494.6875000000         88.9732055664       8464.2539062500
    1792304.2500000000     604605.8125000000         72.6124801636       8533.4316406250
    1792203.2500000000     604716.8750000000         49.9995117188       8667.2275390625
    1792102.2500000000     604828.0000000000         26.2755260468       8813.2548828125
    1792001.2500000000     604939.0625000000          9.4571752548       8883.2890625000
    1791900.2500000000     605050.1875000000         -1.5403746367       8889.3544921875
    1791799.2500000000     605161.2500000000        -11.3184814453       8882.0478515625
    1791698.2500000000     605272.3750000000        -23.9522552490       8906.0996093750
    1791597.3750000000     605383.5000000000        -43.3462219238       9004.5166015625
    1791496.3750000000     605494.5625000000        -61.9359397888       9109.0000000000
    1791395.3750000000     605605.6875000000        -82.2575378418       9213.4511718750
    1791294.3750000000     605716.7500000000        -93.3318634033       9264.4746093750
    1791193.3750000000     605827.8750000000       -101.9533081055       9283.1933593750
    1791092.3750000000     605938.9375000000        -99.1570663452       9218.6005859375
    1790991.3750000000     606050.0625000000       -112.9083709717       9321.6132812500
    1790890.3750000000     606161.1250000000       -137.0795440674       9544.0341796875
    1790789.3750000000     606272.2500000000       -140.9124145508       9549.7353515625
    1790688.3750000000     606383.3125000000       -132.2026062012       9411.3339843750
    1790646.0000000000     606430.0000000000       -128.8213348389       9344.7041015625
    1790561.1250000000     606449.5625000000       -126.5054855347       9206.8505859375
    1790414.8750000000     606483.3750000000       -132.7468109131       9015.6455078125
    1790268.6250000000     606517.1875000000       -156.0643920898       8879.1259765625
    1790122.3750000000     606550.9375000000       -195.1517028809       8910.7265625000
    1789976.0000000000     606584.7500000000       -246.9795837402       9191.9619140625
    1789829.7500000000     606618.5000000000       -273.3970642090       9226.4765625000
    1789683.5000000000     606652.3125000000       -266.9709472656       8838.7089843750
    1789537.2500000000     606686.1250000000       -255.1171722412       8369.2539062500
    1789390.8750000000     606719.8750000000       -242.0325317383       7905.4677734375
    1789244.5000000000     606753.6250000000       -237.8265075684       7539.3281250000
    1789098.2500000000     606787.4375000000       -241.2049255371       7260.6254882813
    1789098.2500000000     606787.4375000000       -241.2049255371       6600.5688476563
    1788952.1250000000     606821.2500000000       -260.1422119141       6503.7446289063
    1788805.8750000000     606855.0625000000       -300.5403442383       6607.5844726563
    1788659.3750000000     606888.8125000000       -323.0500183105       6406.9096679688
    1788513.1250000000     606922.5625000000       -319.6324157715       5947.9887695313
    1788367.0000000000     606956.3750000000       -323.1165466309       5574.9677734375
    1788220.6250000000     606990.1875000000       -342.3591003418       5403.5966796875
    1788074.3750000000     607023.9375000000       -346.4792785645       5080.1103515625
    1787928.0000000000     607057.7500000000       -326.4724121094       4491.6674804688
    1787928.0000000000     607057.7500000000       -326.4724121094       4042.5004882813
    1787781.7500000000     607091.5000000000       -320.4285888672       3665.4628906250
    1787635.5000000000     607125.3125000000       -336.1356201172       3666.6259765625
    1787489.1250000000     607159.0625000000       -353.9854736328       3686.9143066406
    1787342.8750000000     607192.8750000000       -366.7277221680       3661.6328125000
    1787196.6250000000     607226.6875000000       -378.5887451172       3650.9665527344
    1787050.3750000000     607260.4375000000       -395.9699707031       3641.0405273438
    1786904.0000000000     607294.2500000000       -414.7442626953       3611.6098632813
    1786757.7500000000     607328.0000000000       -425.6392822266       3506.9929199219
    1786611.5000000000     607361.8125000000       -418.6578979492       3242.6879882813
    1786465.2500000000     607395.5625000000       -390.5280761719       2721.6494140625
    1786318.8750000000     607429.3750000000       -365.0368041992       2193.4609375000
    1786172.6250000000     607463.1875000000       -353.3729858398       1758.1188964844
    1786026.3750000000     607496.9375000000       -359.2595825195       1446.2203369141
    1786026.3750000000     607496.9375000000       -359.2595825195       1285.5291748047
    1785880.0000000000     607530.7500000000       -383.5637207031       1229.1268310547
    1785761.8750000000     607558.0000000000       -409.2439270020       1303.1405029297
    1785733.6250000000     607563.6875000000       -415.3652343750       1321.6925048828
    1785586.3750000000     607593.1250000000       -453.5573120117       1505.6785888672
    1785439.1250000000     607622.5625000000       -489.5629882813       1665.0332031250
    1785292.0000000000     607652.0000000000       -489.5629882813       1662.4652099609
