# Model:	C:/Users/tmenotti/Documents/STANFORD/RESEARCH/NEW_SALINAS/MODELS/PM2011/SALINAS/pm2d/02_W_SALINAS_2Dextn_PWD_sublyrs_Er3
# Data Access:	Total
# Event:	Event_16
# X, Y Unit:	meter
# Depth Unit:	meter
# Layer:	06_MOHN
# Overlay:	Layer Thickness
# Overlay Unit:	meter
#
#
#                X                 Y                 Z             Value
    1816757.0000000000     573932.0000000000        793.9388427734       1168.9837646484
    1816609.0000000000     573957.1250000000        803.2324218750       1123.0045166016
    1816461.0000000000     573982.2500000000        769.6801757813       1077.0209960938
    1816313.0000000000     574007.3750000000        737.3142700195       1054.7296142578
    1816164.8750000000     574032.5000000000        733.8416748047       1032.8417968750
    1816016.8750000000     574057.5625000000        718.8507690430       1055.4110107422
    1815868.8750000000     574082.6875000000        673.6634521484       1098.9171142578
    1815720.8750000000     574107.8125000000        635.9257812500       1172.2182617188
    1815572.8750000000     574132.9375000000        642.3291015625       1285.2214355469
    1815424.7500000000     574158.0625000000        649.1340332031       1446.2960205078
    1815276.7500000000     574183.1875000000        639.3067016602       1597.0854492188
    1815128.7500000000     574208.3125000000        620.2530517578       1787.3953857422
    1814980.7500000000     574233.3750000000        584.7846679688       1798.3878173828
    1814832.7500000000     574258.5000000000        555.9888916016       1776.6451416016
    1814684.7500000000     574283.6250000000        544.0313110352       1733.5955810547
    1814536.7500000000     574308.7500000000        539.8875732422       1711.9033203125
    1814388.7500000000     574333.8750000000        535.7440795898       1696.4735107422
    1814240.6250000000     574359.0000000000        530.4552001953       1681.0380859375
    1814092.7500000000     574384.1250000000        521.0892333984       1665.6021728516
    1813944.7500000000     574409.2500000000        509.0911254883       1674.7541503906
    1813796.6250000000     574434.3750000000        502.9228210449       1740.5035400391
    1813648.6250000000     574459.5000000000        508.7392272949       1851.2399902344
    1813500.6250000000     574484.6250000000        531.9954223633       2012.1883544922
    1813352.6250000000     574509.7500000000        550.8989257813       2265.4597167969
    1813204.5000000000     574534.8125000000        535.5280151367       2553.1518554688
    1813056.5000000000     574559.9375000000        504.9060363770       2677.7297363281
    1812908.5000000000     574585.0625000000        466.2519836426       2712.7043457031
    1812760.3750000000     574610.1875000000        427.9101562500       2720.2014160156
    1812612.5000000000     574635.3125000000        413.9785156250       2718.4580078125
    1812464.5000000000     574660.4375000000        413.6584777832       2717.4992675781
    1812316.3750000000     574685.5000000000        408.6827697754       2738.9768066406
    1812168.3750000000     574710.6250000000        393.5416259766       2811.7565917969
    1812020.3750000000     574735.7500000000        377.0743713379       2905.8808593750
    1811872.3750000000     574760.8750000000        360.2930603027       3093.6047363281
    1811724.2500000000     574786.0000000000        336.9591674805       3240.8417968750
    1811576.2500000000     574811.1250000000        313.9531250000       3315.7014160156
    1811428.2500000000     574836.2500000000        294.4263916016       3429.1628417969
    1811280.2500000000     574861.3750000000        281.7763366699       3489.5578613281
    1811132.2500000000     574886.5000000000        282.6941528320       3472.0297851563
    1810984.2500000000     574911.5625000000        255.6102447510       3431.1247558594
    1810836.2500000000     574936.6875000000        257.2035522461       3374.2770996094
    1810688.2500000000     574961.8125000000        273.8887329102       3295.0314941406
    1810540.2500000000     574986.9375000000        289.2391052246       3213.4362792969
    1810392.1250000000     575012.0625000000        290.9802856445       3144.3950195313
    1810244.1250000000     575037.1875000000        296.6185302734       3094.9125976563
    1810096.1250000000     575062.3125000000        300.9843139648       3050.3249511719
    1809948.1250000000     575087.4375000000        303.1036682129       3014.3815917969
    1809800.1250000000     575112.5625000000        305.2228698730       2978.4377441406
    1809652.1250000000     575137.6250000000        307.5869750977       2942.4936523438
    1809504.0000000000     575162.7500000000        310.0185241699       2901.0610351563
    1809356.0000000000     575187.8750000000        309.9381408691       2854.1667480469
    1809208.0000000000     575213.0000000000        308.9200439453       2825.1735839844
    1809060.0000000000     575238.1250000000        311.0429077148       2796.1752929688
    1808912.0000000000     575263.2500000000        314.5584106445       2769.2424316406
    1808764.0000000000     575288.3750000000        322.1743469238       2748.7324218750
    1808616.0000000000     575313.5000000000        329.9917907715       2728.2219238281
    1808467.8750000000     575338.6250000000        333.9147338867       2751.8344726563
    1808319.8750000000     575363.6875000000        322.5000610352       2953.6623535156
    1808171.8750000000     575388.8125000000        312.1588134766       3141.4558105469
    1808023.8750000000     575413.9375000000        307.9289245605       3257.6257324219
    1807875.8750000000     575439.0625000000        303.5349426270       3358.9782714844
    1807727.8750000000     575464.1875000000        297.8937988281       3453.6308593750
    1807579.7500000000     575489.3125000000        293.8561401367       3501.3452148438
    1807431.7500000000     575514.4375000000        286.2723388672       3549.0551757813
    1807283.7500000000     575539.5625000000        279.0740356445       3596.7692871094
    1807135.7500000000     575564.6875000000        272.2349853516       3644.4814453125
    1806987.7500000000     575589.7500000000        265.0582275391       3691.5903320313
    1806839.7500000000     575614.8750000000        258.6803894043       3727.3405761719
    1806691.7500000000     575640.0000000000        256.6700744629       3762.9125976563
    1806543.6250000000     575665.1250000000        260.5842285156       3789.7673339844
    1806395.6250000000     575690.2500000000        268.8247070313       3720.2475585938
    1806247.6250000000     575715.3750000000        287.6642761230       3656.2939453125
    1806238.0000000000     575717.0000000000        288.6041564941       3652.1367187500
    1806238.0000000000     575857.3750000000        298.0674743652       3571.4165039063
    1806238.0000000000     576007.5000000000        320.8436584473       3404.6843261719
    1806238.0000000000     576157.6250000000        344.0973510742       3298.4716796875
    1806238.0000000000     576307.7500000000        369.7906494141       3189.3422851563
    1806238.0000000000     576457.8750000000        405.3246154785       3080.6755371094
    1806238.0000000000     576608.0000000000        441.2827758789       2998.5754394531
    1806238.0000000000     576758.1875000000        477.9186706543       2916.9216308594
    1806238.0000000000     576908.3125000000        517.6536865234       2860.3435058594
    1806238.0000000000     577058.4375000000        557.1795043945       2803.7670898438
    1806238.0000000000     577208.5625000000        584.3393554688       2747.5314941406
    1806238.0000000000     577358.7500000000        589.3883056641       2710.8767089844
    1806238.0000000000     577508.8125000000        594.5724487305       2674.2243652344
    1806238.0000000000     577659.0000000000        607.3239135742       2637.5693359375
    1806238.0000000000     577809.1250000000        615.0778198242       2601.4614257813
    1806238.0000000000     577959.2500000000        620.0888671875       2593.4404296875
    1806238.0000000000     578109.4375000000        627.5520629883       2437.2343750000
    1806238.0000000000     578259.5000000000        632.5222167969       2216.6640625000
    1806238.0000000000     578409.6875000000        643.4033813477       1995.4274902344
    1806238.0000000000     578559.8125000000        656.4552612305       1736.3901367188
    1806238.0000000000     578709.9375000000        670.7087402344       1479.1427001953
    1806238.0000000000     578860.0625000000        750.9367065430       1324.9842529297
    1806238.0000000000     579010.1875000000        748.6850585938       1317.2727050781
    1806238.0000000000     579160.3750000000        745.1000366211       1278.0838623047
    1806238.0000000000     579310.4375000000        738.8803100586       1298.8400878906
    1806238.0000000000     579460.6250000000        728.7672729492       1319.5964355469
    1806238.0000000000     579610.7500000000        718.6268310547       1340.3043212891
    1806238.0000000000     579760.9375000000        713.5136718750       1357.7253417969
    1806238.0000000000     579911.0000000000        721.0805664063       1344.2811279297
    1806238.0000000000     580061.1875000000        728.6472778320       1567.0548095703
    1806238.0000000000     580211.3125000000        736.2140502930       1638.3247070313
    1806238.0000000000     580361.4375000000        743.7808227539       1904.1525878906
    1806238.0000000000     580511.5625000000        751.3475341797       2080.1879882813
    1806238.0000000000     580661.7500000000        758.9146118164       2191.8952636719
    1806238.0000000000     580811.8125000000        766.4813842773       2220.9541015625
    1806238.0000000000     580962.0000000000        774.0480957031       2168.5187988281
    1806238.0000000000     581112.1250000000        781.6146850586       2241.4499511719
    1806238.0000000000     581262.2500000000        789.1814575195       2312.3808593750
    1806238.0000000000     581412.3750000000        796.7484741211       2383.3139648438
    1806238.0000000000     581562.5000000000        804.3150024414       2454.2451171875
    1806238.0000000000     581712.6250000000        811.8817138672       2525.1765136719
    1806238.0000000000     581862.7500000000        819.4487304688       2597.0053710938
    1806238.0000000000     582012.9375000000        827.0156860352       2718.7902832031
    1806238.0000000000     582163.0625000000        834.5824584961       2840.5756835938
    1806238.0000000000     582313.1875000000        842.1492309570       2961.9592285156
    1806238.0000000000     582463.3125000000        849.7160644531       3083.0625000000
    1806238.0000000000     582613.4375000000        857.2826538086       3257.5373535156
    1806238.0000000000     582763.6250000000        864.8494873047       3370.4179687500
    1806238.0000000000     582913.7500000000        867.9733276367       3439.5117187500
    1806238.0000000000     583063.8750000000        871.0971679688       3508.0871582031
    1806238.0000000000     583214.0000000000        874.2210693359       3548.3251953125
    1806238.0000000000     583364.1250000000        877.3448486328       3588.5617675781
    1806238.0000000000     583514.2500000000        880.4687500000       3628.1372070313
    1806238.0000000000     583664.4375000000        883.5923461914       3631.7646484375
    1806238.0000000000     583814.5625000000        886.7161254883       3633.9038085938
    1806238.0000000000     583964.6875000000        889.8400878906       3553.7951660156
    1806238.0000000000     584114.8125000000        892.9640502930       3472.4038085938
    1806238.0000000000     584264.9375000000        896.0876464844       3320.8852539063
    1806238.0000000000     584415.0625000000        899.2114868164       3176.7270507813
    1806238.0000000000     584565.2500000000        902.3355712891       3428.4077148438
    1806238.0000000000     584715.3750000000        905.4594116211       3469.3127441406
    1806238.0000000000     584865.5000000000        908.5833129883       3725.1953125000
    1806238.0000000000     585015.6250000000        911.7069091797       3982.0649414063
    1806238.0000000000     585165.7500000000        914.8308105469       4292.8837890625
    1806238.0000000000     585315.8750000000        917.9546508789       4603.0004882813
    1806238.0000000000     585466.0625000000        921.0786132813       4875.3662109375
    1806238.0000000000     585616.1875000000        924.2022705078       5149.3261718750
    1806238.0000000000     585766.3125000000        927.3265380859       5511.3041992188
    1806238.0000000000     585916.4375000000        928.7733764648       5969.6611328125
    1806238.0000000000     586066.5625000000        930.2201538086       6073.0209960938
    1806238.0000000000     586216.7500000000        931.6668090820       5909.0053710938
    1806238.0000000000     586366.8750000000        933.1137084961       5833.0351562500
    1806238.0000000000     586517.0000000000        934.5606079102       5851.9306640625
    1806238.0000000000     586667.1250000000        936.0073242188       5945.6430664063
    1806238.0000000000     586817.2500000000        937.4545288086       6087.5620117188
    1806238.0000000000     586967.3750000000        938.9011840820       6352.2924804688
    1806238.0000000000     587082.0000000000        940.0058593750       6626.4184570313
    1806216.6250000000     587110.3125000000        940.3479614258       6681.7700195313
    1806125.8750000000     587230.0000000000        941.7952880859       6877.8569335938
    1806035.2500000000     587349.6875000000        943.2413330078       6893.4921875000
    1805944.6250000000     587469.3750000000        944.6884765625       6933.3896484375
    1805854.0000000000     587589.0625000000        946.1353759766       7030.8818359375
    1805763.3750000000     587708.8125000000        947.5823364258       7242.1489257813
    1805672.7500000000     587828.5000000000        949.0293579102       7631.9868164063
    1805582.0000000000     587948.1250000000        950.4757080078       7861.8520507813
    1805491.5000000000     588067.8750000000        951.9225463867       8042.3115234375
    1805400.8750000000     588187.5625000000        953.3696899414       8457.0703125000
    1805310.2500000000     588307.2500000000        954.8166503906       8733.3886718750
    1805219.6250000000     588426.9375000000        956.2636108398       8884.3095703125
    1805128.8750000000     588546.6250000000        957.7102050781       8825.7050781250
    1805038.3750000000     588666.3125000000        959.1569824219       8795.8115234375
    1804947.6250000000     588786.0000000000        960.6041259766       8866.2460937500
    1804857.0000000000     588905.6875000000        962.0509033203       8905.0712890625
    1804766.3750000000     589025.3750000000        963.4975585938       9160.0078125000
    1804675.7500000000     589145.0625000000        964.9445800781       9539.0078125000
    1804585.0000000000     589264.7500000000        966.3914794922       9951.2890625000
    1804494.5000000000     589384.5000000000        967.8385009766      10029.9794921875
    1804403.8750000000     589504.1250000000        969.2849121094       9929.5800781250
    1804313.1250000000     589623.8125000000        970.7319946289       9829.1806640625
    1804222.6250000000     589743.5000000000        972.1789550781       9834.9521484375
    1804131.8750000000     589863.1875000000        973.6246948242       9777.1435546875
    1804041.3750000000     589982.9375000000        975.0695190430       9678.4492187500
    1803950.6250000000     590102.6250000000        976.5142211914       9866.7978515625
    1803860.1250000000     590222.3125000000        977.9608154297      10386.0136718750
    1803769.3750000000     590342.0000000000        979.4100952148      10764.0429687500
    1803678.7500000000     590461.6875000000        980.8590087891      10966.1689453125
    1803588.1250000000     590581.3750000000        982.3061523438      10849.2138671875
    1803497.5000000000     590701.0625000000        983.7531127930      10783.8662109375
    1803406.7500000000     590820.7500000000        987.8237304688      10753.4833984375
    1803316.2500000000     590940.4375000000        990.5242919922      10666.1074218750
    1803225.6250000000     591060.1250000000        993.2245483398      10651.3798828125
    1803134.8750000000     591179.8125000000        995.9241333008      10837.8212890625
    1803044.2500000000     591299.5000000000        998.6245117188      10963.9130859375
    1802953.6250000000     591419.1875000000       1001.3240356445      11058.8896484375
    1802863.0000000000     591538.8750000000       1004.0241699219      11217.1757812500
    1802772.3750000000     591658.5625000000       1006.7237548828      11450.2177734375
    1802681.8750000000     591778.3125000000       1009.4230346680      11500.3808593750
    1802591.1250000000     591897.9375000000       1012.1233520508      11504.9697265625
    1802500.5000000000     592017.6875000000       1014.8237304688      11389.4970703125
    1802409.8750000000     592137.3750000000       1021.8820800781      11356.6933593750
    1802319.2500000000     592257.0625000000       1028.9394531250      11329.9794921875
    1802228.6250000000     592376.7500000000       1035.9975585938      11248.2099609375
    1802138.0000000000     592496.4375000000       1043.0549316406      11080.1083984375
    1802047.3750000000     592616.1250000000       1050.1135253906      11211.8349609375
    1801956.6250000000     592735.8125000000       1051.6774902344      11364.3115234375
    1801866.1250000000     592855.5000000000       1053.2423095703      11600.7070312500
    1801775.3750000000     592975.1875000000       1054.8072509766      11739.1640625000
    1801684.7500000000     593094.8750000000       1056.3714599609      11877.6162109375
    1801594.1250000000     593214.5625000000       1060.2633056641      11843.2255859375
    1801503.5000000000     593334.2500000000       1064.1544189453      11884.8623046875
    1801412.8750000000     593453.9375000000       1068.0463867188      12018.5703125000
    1801322.2500000000     593573.6250000000       1071.9375000000      12235.4443359375
    1801231.6250000000     593693.3125000000       1075.8292236328      12353.4716796875
    1801141.0000000000     593813.0000000000       1079.7208251953      12572.2998046875
    1801050.3750000000     593932.6875000000       1083.6123046875      12907.0937500000
    1800959.7500000000     594052.3750000000       1087.5043945313      13219.4580078125
    1800869.1250000000     594172.1250000000       1091.3955078125      13167.2851562500
    1800778.3750000000     594291.8125000000       1095.2873535156      13224.1103515625
    1800687.7500000000     594411.5000000000       1099.1788330078      13376.1279296875
    1800597.1250000000     594531.1875000000       1103.0704345703      13489.5820312500
    1800506.5000000000     594650.8750000000       1106.9617919922      13606.3603515625
    1800415.8750000000     594770.5625000000       1110.8532714844      13902.2861328125
    1800325.2500000000     594890.2500000000       1114.7452392578      14113.3789062500
    1800234.6250000000     595009.9375000000       1118.6368408203      14085.1894531250
    1800144.0000000000     595129.6250000000       1122.5285644531      14291.8750000000
    1800053.3750000000     595249.3125000000       1126.4197998047      14752.6425781250
    1799962.7500000000     595369.0000000000       1130.3116455078      15340.0761718750
    1799872.1250000000     595488.6875000000       1134.2030029297      15672.0468750000
    1799781.5000000000     595608.3750000000       1144.1571044922      15578.7158203125
    1799690.7500000000     595728.0625000000       1154.1112060547      14948.4296875000
    1799600.1250000000     595847.7500000000       1164.0654296875      14468.0839843750
    1799509.5000000000     595967.4375000000       1174.0200195313      14319.9794921875
    1799418.8750000000     596087.1250000000       1183.9708251953      14240.0878906250
    1799328.2500000000     596206.8750000000       1193.9194335938      14172.5556640625
    1799237.6250000000     596326.5000000000       1203.8729248047      14294.3808593750
    1799147.0000000000     596446.2500000000       1213.8330078125      14617.3554687500
    1799056.3750000000     596565.9375000000       1223.7893066406      15117.7861328125
    1798965.7500000000     596685.6250000000       1233.7443847656      15760.8183593750
    1798875.1250000000     596805.3125000000       1243.6988525391      16063.1240234375
    1798784.5000000000     596925.0000000000       1253.6534423828      16172.3867187500
    1798693.8750000000     597044.6875000000       1263.6063232422      16130.9238281250
    1798603.2500000000     597164.3750000000       1273.5600585938      16075.1806640625
    1798512.5000000000     597284.0625000000       1283.5162353516      15919.5986328125
    1798421.8750000000     597403.7500000000       1293.4703369141      15634.2001953125
    1798331.2500000000     597523.4375000000       1303.4252929688      15210.9716796875
    1798240.6250000000     597643.1250000000       1313.3786621094      14697.0917968750
    1798150.0000000000     597762.8125000000       1323.3331298828      14147.0322265625
    1798059.3750000000     597882.5000000000       1333.2877197266      13909.2861328125
    1797968.7500000000     598002.1875000000       1363.9564208984      13596.6835937500
    1797878.1250000000     598121.8750000000       1394.6281738281      13062.1953125000
    1797787.5000000000     598241.5625000000       1425.2974853516      12462.3564453125
    1797696.8750000000     598361.3125000000       1441.6693115234      11780.1992187500
    1797606.2500000000     598480.9375000000       1461.3751220703      11098.0546875000
    1797515.5000000000     598600.6875000000       1481.0820312500      10492.8193359375
    1797424.8750000000     598720.3750000000       1500.7873535156       9898.1484375000
    1797334.2500000000     598840.0625000000       1519.9033203125       9516.1865234375
    1797243.6250000000     598959.7500000000       1539.0203857422       9122.7607421875
    1797153.0000000000     599079.4375000000       1558.1353759766       8727.2958984375
    1797062.3750000000     599199.1250000000       1542.1936035156       8407.9277343750
    1796971.7500000000     599318.8125000000       1526.2503662109       8171.6147460938
    1796881.1250000000     599438.5000000000       1510.3078613281       8002.1367187500
    1796790.5000000000     599558.1875000000       1494.3649902344       7883.7607421875
    1796699.8750000000     599677.8750000000       1478.4221191406       7804.4619140625
    1796609.2500000000     599797.5625000000       1462.4791259766       7761.6621093750
    1796518.6250000000     599917.2500000000       1454.7513427734       7738.7421875000
    1796428.0000000000     600036.9375000000       1460.7891845703       7719.5717773438
    1796337.2500000000     600156.6250000000       1486.4554443359       7737.1728515625
    1796281.0000000000     600231.0625000000       1502.4072265625       7766.7216796875
    1796242.7500000000     600273.1250000000       1510.2946777344       7786.4858398438
    1796141.7500000000     600384.1875000000       1529.5139160156       7793.0322265625
    1796040.7500000000     600495.2500000000       1547.3276367188       7762.0322265625
    1795939.7500000000     600606.3750000000       1565.4881591797       7751.6313476563
    1795838.7500000000     600717.4375000000       1575.7343750000       7707.9985351563
    1795737.7500000000     600828.5625000000       1570.8153076172       7657.0419921875
    1795636.7500000000     600939.6250000000       1559.2850341797       7685.1630859375
    1795535.8750000000     601050.7500000000       1552.9494628906       7720.9384765625
    1795434.8750000000     601161.8750000000       1553.3594970703       7756.7080078125
    1795333.8750000000     601272.9375000000       1496.2211914063       7708.3613281250
    1795232.8750000000     601384.0625000000       1400.2056884766       7710.0009765625
    1795131.8750000000     601495.1250000000       1294.8747558594       7743.8608398438
    1795030.8750000000     601606.2500000000       1243.7279052734       7723.3710937500
    1794929.8750000000     601717.3125000000       1203.1691894531       7700.7392578125
    1794828.8750000000     601828.3750000000       1162.5737304688       7678.1025390625
    1794727.8750000000     601939.5000000000       1117.6545410156       7655.4687500000
    1794627.0000000000     602050.6250000000       1090.6342773438       7654.1674804688
    1794525.8750000000     602161.6875000000       1081.4283447266       7654.4150390625
    1794425.0000000000     602272.8125000000       1074.3094482422       7669.3164062500
    1794324.0000000000     602383.8750000000       1060.4256591797       7676.9541015625
    1794223.0000000000     602495.0000000000       1035.7869873047       7678.0332031250
    1794122.0000000000     602606.1250000000       1005.2525024414       7679.1083984375
    1794021.0000000000     602717.1875000000        974.7176513672       7680.1748046875
    1793920.0000000000     602828.2500000000        925.8318481445       7755.2817382813
    1793819.1250000000     602939.3750000000        874.8223876953       7881.1865234375
    1793718.0000000000     603050.4375000000        845.7096557617       8007.0996093750
    1793617.1250000000     603161.5625000000        788.3225708008       8133.0009765625
    1793516.1250000000     603272.6250000000        763.9586791992       8258.9003906250
    1793415.1250000000     603383.7500000000        742.2958984375       8379.0146484375
    1793314.1250000000     603494.8750000000        722.8010253906       8491.1396484375
    1793213.1250000000     603605.9375000000        706.2442626953       8570.9335937500
    1793112.1250000000     603717.0625000000        695.0592651367       8628.8496093750
    1793011.1250000000     603828.1250000000        686.4871826172       8667.8554687500
    1792910.1250000000     603939.2500000000        682.8803710938       8670.6865234375
    1792809.1250000000     604050.3125000000        679.2737426758       8673.5175781250
    1792708.1250000000     604161.4375000000        682.7249755859       8633.5449218750
    1792607.2500000000     604272.5000000000        690.0627441406       8563.2949218750
    1792506.2500000000     604383.6250000000        699.4871826172       8472.0322265625
    1792405.2500000000     604494.6875000000        706.4512329102       8464.2539062500
    1792304.2500000000     604605.8125000000        724.5446166992       8533.4316406250
    1792203.2500000000     604716.8750000000        737.6337280273       8667.2275390625
    1792102.2500000000     604828.0000000000        764.7086181641       8813.2548828125
    1792001.2500000000     604939.0625000000        880.5235595703       8883.2890625000
    1791900.2500000000     605050.1875000000        969.8463134766       8889.3544921875
    1791799.2500000000     605161.2500000000       1027.2823486328       8882.0478515625
    1791698.2500000000     605272.3750000000       1042.1025390625       8906.0996093750
    1791597.3750000000     605383.5000000000       1000.8059082031       9004.5166015625
    1791496.3750000000     605494.5625000000        941.7326049805       9109.0000000000
    1791395.3750000000     605605.6875000000        885.4243774414       9213.4511718750
    1791294.3750000000     605716.7500000000        817.3533325195       9264.4746093750
    1791193.3750000000     605827.8750000000        771.1155395508       9283.1933593750
    1791092.3750000000     605938.9375000000        742.5798950195       9218.6005859375
    1790991.3750000000     606050.0625000000        705.5507812500       9321.6132812500
    1790890.3750000000     606161.1250000000        665.6108398438       9544.0341796875
    1790789.3750000000     606272.2500000000        635.0508422852       9549.7353515625
    1790688.3750000000     606383.3125000000        621.7440185547       9411.3339843750
    1790646.0000000000     606430.0000000000        617.3065795898       9372.0322265625
    1790561.1250000000     606449.5625000000        611.1910400391       9271.8525390625
    1790414.8750000000     606483.3750000000        600.6386718750       9145.6787109375
    1790268.6250000000     606517.1875000000        590.0855712891       9074.1250000000
    1790122.3750000000     606550.9375000000        579.5330200195       9170.7783203125
    1789976.0000000000     606584.7500000000        568.9803466797       9517.0996093750
    1789829.7500000000     606618.5000000000        558.4276733398       9616.8994140625
    1789683.5000000000     606652.3125000000        547.8746948242       9294.1611328125
    1789537.2500000000     606686.1250000000        537.3222045898       8911.7089843750
    1789390.8750000000     606719.8750000000        526.7698974609       8571.5898437500
    1789244.5000000000     606753.6250000000        516.2164916992       8329.1230468750
    1789098.2500000000     606787.4375000000        513.9811401367       8170.0991210938
    1788952.1250000000     606821.2500000000        511.7449645996       8182.2080078125
    1788805.8750000000     606855.0625000000        509.5096435547       8415.9599609375
    1788659.3750000000     606888.8125000000        507.2735595703       8313.4072265625
    1788513.1250000000     606922.5625000000        505.0382080078       7925.6650390625
    1788367.0000000000     606956.3750000000        502.8027343750       7633.3212890625
    1788220.6250000000     606990.1875000000        500.5666809082       7563.0307617188
    1788074.3750000000     607023.9375000000        498.3312072754       7280.9316406250
    1787928.0000000000     607057.7500000000        496.0952758789       6733.4497070313
    1787781.7500000000     607091.5000000000        493.8598937988       6344.4252929688
    1787635.5000000000     607125.3125000000        491.6238098145       6421.4428710938
    1787489.1250000000     607159.0625000000        489.3881530762       6522.0312500000
    1787342.8750000000     607192.8750000000        487.1523742676       6566.4355468750
    1787196.6250000000     607226.6875000000        487.6015014648       6628.8422851563
    1787050.3750000000     607260.4375000000        487.6040039063       6692.1513671875
    1786904.0000000000     607294.2500000000        487.6066589355       6731.4448242188
    1786757.7500000000     607328.0000000000        487.6089477539       6699.7138671875
    1786611.5000000000     607361.8125000000        487.6116027832       6471.3305664063
    1786465.2500000000     607395.5625000000        487.6139221191       5926.3168945313
    1786318.8750000000     607429.3750000000        487.6167297363       5372.9477539063
    1786172.6250000000     607463.1875000000        487.6189575195       4933.4106445313
    1786026.3750000000     607496.9375000000        487.6217346191       4665.2133789063
    1785880.0000000000     607530.7500000000        487.6239013672       4469.6088867188
    1785761.8750000000     607558.0000000000        487.6260070801       4478.1337890625
    1785733.6250000000     607563.6875000000        487.6267700195       4481.3535156250
    1785586.3750000000     607593.1250000000        487.6289367676       4620.4379882813
    1785439.1250000000     607622.5625000000        487.6315002441       4725.2626953125
    1785292.0000000000     607652.0000000000        487.6340026855       4604.5903320313
