!
! Generated by IES export
!
@FAULT HEADER, FALT, 80, 1
 X (EASTING)         ,  1,  1,  1,  1, 15,  7, 1e+030,            , 15,  7,  0
 Y (NORTHING)        ,  2,  2,  1, 16, 30,  7, 1e+030,            , 15,  7,  0
 SEG I.D.            ,  3, 35,  1, 31, 40,  7, 1e+030,            , 10,  1,  0
@
   1847617.3750    589192.1250         1                                        
   1847617.3750    560607.2500         1                                        
   1824749.5000    560740.1875         1                                        
   1824616.5000    589325.0625         1                                        
   1847617.3750    589192.1250         1                                        
