# Model:	C:/Users/tmenotti/Documents/STANFORD/RESEARCH/NEW_SALINAS/MODELS/PM2011/SALINAS/pm3d/02_E_SALINAS
# Data Access:	Top
# Event:	09_EAST_SURF
# X, Y Unit:	meter
# Depth Unit:	meter
# Layer:	06_EAST_MOHN_SEAL
# Overlay:	Depth
# Overlay Unit:	meter
#
#
#                X                 Y                 Z             Value
    1832133.875000     554696.000000        593.619263        593.619263
    1832124.375000     554986.312500        597.455688        597.455688
    1832114.625000     555286.562500        605.672058        605.672058
    1832104.875000     555586.812500        621.408997        621.408997
    1832095.125000     555887.125000        640.996704        640.996704
    1832085.375000     556187.375000        657.314880        657.314880
    1832080.500000     556335.875000        662.904114        662.904114
    1832075.625000     556487.625000        668.639404        668.639404
    1832065.875000     556787.875000        680.677795        680.677795
    1832056.125000     557088.187500        699.268677        699.268677
    1832046.375000     557388.437500        733.452698        733.452698
    1832036.625000     557688.687500        781.698853        781.698853
    1832026.875000     557989.000000        828.343140        828.343140
    1832017.125000     558289.250000        857.527283        857.527283
    1832007.375000     558589.500000        879.270874        879.270874
    1831997.625000     558889.750000        917.945007        917.945007
    1831987.875000     559190.062500        981.218750        981.218750
    1831978.125000     559490.312500       1043.202026       1043.202026
    1831968.250000     559790.562500       1089.293091       1089.293091
    1831958.500000     560090.812500       1125.330200       1125.330200
    1831948.750000     560391.125000       1155.183716       1155.183716
    1831939.000000     560691.375000       1180.547485       1180.547485
    1831929.250000     560991.625000       1211.094727       1211.094727
    1831922.000000     561216.250000       1241.395874       1241.395874
    1831832.250000     561291.875000       1260.526978       1260.526978
    1831780.125000     561335.875000       1273.114624       1273.114624
    1831479.750000     561589.312500       1348.432739       1348.432739
    1831476.375000     561592.187500       1349.320190       1349.320190
    1831179.250000     561842.750000       1432.892944       1432.892944
    1831120.375000     561892.437500       1449.115601       1449.115601
    1830878.875000     562096.187500       1495.060181       1495.060181
    1830764.500000     562192.687500       1521.223145       1521.223145
    1830687.500000     562257.625000       1535.335083       1535.335083
    1830578.500000     562402.000000       1559.339722       1559.339722
    1830509.750000     562492.937500       1572.846802       1572.846802
    1830282.875000     562793.250000       1611.208008       1611.208008
    1830278.000000     562799.687500       1611.863037       1611.863037
    1830056.000000     563093.500000       1638.569946       1638.569946
    1829977.625000     563197.312500       1646.661133       1646.661133
    1829829.250000     563393.750000       1669.284546       1669.284546
    1829677.125000     563595.000000       1691.163452       1691.163452
    1829602.375000     563694.000000       1701.810425       1701.810425
    1829376.750000     563992.687500       1730.323364       1730.323364
    1829375.500000     563994.312500       1730.487671       1730.487671
    1829148.625000     564294.562500       1751.878662       1751.878662
    1829076.375000     564390.375000       1756.258179       1756.258179
    1828921.875000     564594.812500       1756.800903       1756.800903
    1828775.875000     564788.000000       1761.269897       1761.269897
    1828695.000000     564895.062500       1761.034668       1761.034668
    1828475.500000     565185.687500       1769.793823       1769.793823
    1828468.125000     565195.375000       1769.817505       1769.817505
    1828241.375000     565495.625000       1773.022339       1773.022339
    1828185.000000     565570.125000       1769.115234       1769.115234
    1828475.500000     565673.812500       1691.167603       1691.167603
    1828775.875000     565781.062500       1567.771118       1567.771118
    1828817.375000     565795.875000       1546.727417       1546.727417
    1829076.375000     565888.312500       1412.829590       1412.829590
    1829376.750000     565995.562500       1280.229980       1280.229980
    1829658.500000     566096.125000       1195.529053       1195.529053
    1829677.125000     566102.812500       1190.633179       1190.633179
    1829977.625000     566210.062500       1131.151733       1131.151733
    1830278.000000     566317.312500       1071.617310       1071.617310
    1830499.625000     566396.437500       1009.160034       1009.160034
    1830578.500000     566424.500000        983.829041        983.829041
    1830878.875000     566531.750000        865.477722        865.477722
    1831179.250000     566639.000000        754.595703        754.595703
    1831340.875000     566696.687500        703.507996        703.507996
    1831479.750000     566746.250000        663.165283        663.165283
    1831780.125000     566853.500000        603.791016        603.791016
    1832080.500000     566960.750000        555.101318        555.101318
    1832182.000000     566996.937500        539.574707        539.574707
    1832381.000000     567068.000000        506.544830        506.544830
    1832681.375000     567175.250000        460.517944        460.517944
    1832981.875000     567282.500000        414.529572        414.529572
    1833023.125000     567297.187500        408.325592        408.325592
    1833282.250000     567389.750000        376.163635        376.163635
    1833582.625000     567497.000000        360.566559        360.566559
    1833610.125000     567506.750000        359.618622        359.618622
    1833883.125000     567581.812500        351.662750        351.662750
    1833940.125000     567597.500000        350.761963        350.761963
    1834183.500000     567664.375000        347.876038        347.876038
    1834484.000000     567746.937500        342.796448        342.796448
    1834784.375000     567829.500000        340.575684        340.575684
    1835032.750000     567897.750000        340.906219        340.906219
    1835084.750000     567912.062500        341.214783        341.214783
    1835385.250000     567994.625000        345.147064        345.147064
    1835685.625000     568077.187500        380.037170        380.037170
    1835986.125000     568159.750000        422.009796        422.009796
    1836125.250000     568198.000000        432.345978        432.345978
    1836286.500000     568242.312500        442.675446        442.675446
    1836586.875000     568324.875000        447.339661        447.339661
    1836887.375000     568407.437500        450.641754        450.641754
    1837187.750000     568490.000000        453.791687        453.791687
    1837217.750000     568498.250000        454.135315        454.135315
    1837488.250000     568572.562500        457.787292        457.787292
    1837788.625000     568655.125000        461.548340        461.548340
    1838089.000000     568737.750000        469.399628        469.399628
    1838310.375000     568798.562500        476.570190        476.570190
    1838389.500000     568820.312500        479.073914        479.073914
    1838689.875000     568902.875000        475.914551        475.914551
    1838990.375000     568985.437500        472.547394        472.547394
    1839206.625000     569044.875000        474.271240        474.271240
    1839290.750000     569012.437500        475.014465        475.014465
    1839591.125000     568896.750000        477.300934        477.300934
    1839846.250000     568798.562500        480.480011        480.480011
    1839891.625000     568781.062500        481.306519        481.306519
    1840192.000000     568665.375000        490.037140        490.037140
    1840492.375000     568549.687500        497.541473        497.541473
    1840626.000000     568498.250000        501.922150        501.922150
    1840792.875000     568434.000000        507.030701        507.030701
    1841093.250000     568318.312500        515.640259        515.640259
    1841393.750000     568202.625000        524.923035        524.923035
    1841405.750000     568198.000000        525.352295        525.352295
    1841694.125000     568086.937500        536.143860        536.143860
    1841994.500000     567971.250000        548.808655        548.808655
    1842185.500000     567897.750000        556.134521        556.134521
    1842295.000000     567855.562500        559.203979        559.203979
    1842595.375000     567739.875000        565.926392        565.926392
    1842895.875000     567624.187500        570.798584        570.798584
    1842965.250000     567597.500000        571.624939        571.624939
    1843196.250000     567508.500000        576.195129        576.195129
    1843496.625000     567392.812500        581.188965        581.188965
    1843745.000000     567297.187500        586.022095        586.022095
    1843797.125000     567277.125000        587.484863        587.484863
    1844097.500000     567161.437500        597.485413        597.485413
    1844398.000000     567045.750000        609.167847        609.167847
    1844524.625000     566996.937500        614.455811        614.455811
    1844698.375000     566930.062500        622.354614        622.354614
    1844998.750000     566814.375000        637.372009        637.372009
    1845299.250000     566698.687500        652.646118        652.646118
    1845304.500000     566696.687500        652.918823        652.918823
    1845599.625000     566583.000000        667.990540        667.990540
    1845900.125000     566467.312500        682.050720        682.050720
    1846084.125000     566396.437500        689.889038        689.889038
    1846200.500000     566351.625000        694.591370        694.591370
    1846500.875000     566235.937500        706.022095        706.022095
    1846801.375000     566120.250000        716.248657        716.248657
    1846863.875000     566096.125000        718.127380        718.127380
    1847101.750000     566004.562500        724.894897        724.894897
    1847402.125000     565888.875000        733.347412        733.347412
    1847573.625000     565822.875000        737.704895        737.704895
    1847402.125000     565888.875000        737.704895        737.704895
    1847573.625000     565822.875000        737.704895        737.704895
