1.8284e+006 573760 796
1.82394e+006 578406 359
1.829e+006 571261 956
1.82931e+006 571290 690
1.82947e+006 569761 939
1.82993e+006 574040 645
1.80758e+006 592620 543
1.80884e+006 591702 596
1.81032e+006 592091 844
1.81071e+006 591431 578
1.79668e+006 605878 784
1.79845e+006 606146 959
1.82214e+006 580795 178
1.8445e+006 553706 1285
1.81386e+006 583116 836
1.8256e+006 570981 2122
1.85047e+006 555457 1251
1.83697e+006 553498 1544
1.7919e+006 608336 1660
1.81046e+006 586087 1803
1.79234e+006 613890 1743
1.79334e+006 611762 1729
1.81811e+006 582282 772
1.81612e+006 583890 826
1.84733e+006 553910 1127
1.79695e+006 607884 1406
1.8176e+006 574356 1342
1.82936e+006 556708 1988
1.79472e+006 608888 1023
1.82968e+006 554081 2380
1.81657e+006 577164 1287
1.82562e+006 575546 606
1.81229e+006 590275 647
1.8282e+006 565625 3009
1.80017e+006 600257 1626
1.83898e+006 565945 783
1.80378e+006 603551 440
1.83674e+006 564159 1006
1.84305e+006 571374 685
1.81877e+006 583006 589
1.8241e+006 576033 979
1.82105e+006 578585 1166
1.82649e+006 572521 1048
1.82766e+006 571337 1819
1.8281e+006 571470 1652
1.80604e+006 592584 1388
1.81601e+006 585920 788
1.79078e+006 608665 1836
1.8308e+006 568295 854
1.80578e+006 596289 1052
1.80561e+006 595330 1092
1.82528e+006 579494 371
1.84033e+006 561712 909
1.82536e+006 561371 3142
1.82186e+006 576451 1584
1.82878e+006 555495 2711
1.82369e+006 581202 292
1.82702e+006 577928 692
1.80052e+006 598497 2533
1.80814e+006 590994 801
1.81533e+006 585693 747
1.86464e+006 557787 504
1.8388e+006 570622 573
1.83668e+006 570771 583
1.83269e+006 569673 534
1.83854e+006 562522 1669
1.8316e+006 562425 2589.65
1.83521e+006 561095 1883.22
1.83159e+006 563230 2203.81
1.83354e+006 560962 2443.66
1.86625e+006 523369 697
1.84906e+006 551350 971
1.8488e+006 536701 1095
1.85067e+006 525689 412
1.86607e+006 548595 1386
1.86879e+006 530360 927
1.86063e+006 551198 1467
1.86332e+006 550036 881
1.85133e+006 543009 1395
1.85189e+006 549214 1233
1.87229e+006 534751 1390
1.86799e+006 543328 1922
1.86549e+006 549458 640
1.86359e+006 545989 1894
1.85162e+006 531050 1002
1.84912e+006 549173 1554
1.85494e+006 545579 1836
1.88442e+006 524661 1432
1.86895e+006 528912 884
1.84484e+006 546453 1241
1.83122e+006 551437 1762
1.86932e+006 537086 1433
1.79773e+006 605995 746
1.80505e+006 598523 631
1.8308e+006 572445 616
1.81184e+006 585236 2121
