        1826398       561087.9              0
        1826398       561087.9              0
        1826469       561150.8              0
        1826469       561150.8              0
        1826619       561110.1              0
        1826655       561147.1              0
        1826763       561129.4              0
        1826763       561129.4              0
        1826828       561130.3              0
        1826679       561144.4              0
        1826989       561079.4              0
        1827104       561043.8              0
        1827104       561043.8              0
        1827391       560857.2              0
        1827391       560857.2              0
        1816027         558445              0
        1816114       559205.6              0
        1816129       559755.7              0
        1814347       559749.3              0
        1814361       559726.8              0
        1814365       559713.4              0
        1803203         582965              0
        1803221       583753.8              0
        1808400       589384.3              0
        1808400       589384.3              0
        1808400       589384.3              0
        1808400       589384.3              0
        1808400       589384.3              0
        1808400       589384.3              0
        1808355       588868.1              0
        1803409       584052.5              0
        1803626       584279.5              0
        1803718       584529.3              0
        1803712       584578.3              0
        1803719       584608.1              0
        1803718       584630.4              0
        1803709       584638.3              0
        1803713       584649.3              0
        1804250       585735.9              0
        1805102       586642.3              0
        1805133       586657.2              0
        1806501       587233.5              0
        1801040       591886.9              0
        1801144       592017.7              0
        1794673       602692.1              0
        1794760       602402.5              0
        1794857       602053.9              0
        1794869       601762.8              0
        1795062       601680.6              0
        1794956       600353.4              0
        1795052       597839.4              0
        1795052       597839.4              0
        1795090         597954              0
        1795242         598149              0
        1795306       598825.7              0
        1795160       599290.8              0
        1795023       599784.7              0
