1157095.298634,862325.914461,-6251.160600
1157201.525474,862621.266477,-6269.259800
1157307.752463,862916.618416,-6312.476100
1157393.911165,863199.858933,-6347.274400
1157468.602310,863476.178604,-6394.912100
1157543.293609,863752.498330,-6420.953600
1157617.985033,864028.818007,-6493.085000
1157680.816529,864318.494162,-6551.502400
1157743.648175,864608.170344,-6599.368200
1157806.479965,864897.846522,-6682.174800
1157848.999279,865192.831893,-6764.479000
1157855.971619,865497.108287,-6798.925800
1157862.944096,865801.384743,-6833.101600
1157869.916712,866105.661349,-6960.906300
1157883.140062,866400.292078,-7011.691900
1157898.707519,866691.305664,-6981.720200
1157914.275106,866982.319335,-6987.627400
1157929.122613,867274.081856,-6941.154300
1157936.768142,867573.332313,-6934.482900
1157944.413804,867872.582815,-6942.976600
1157952.059600,868171.833463,-6945.262700
1157961.788518,868479.219900,-6932.733400
1157974.017169,868796.369383,-6937.144500
1157986.245974,869113.518955,-6921.204100
1157998.474928,869430.668582,-6887.445800
1158006.102023,869726.642587,-6881.446800
1158012.706577,870017.910949,-6877.896500
1158019.311255,870309.179359,-6836.310500
1158024.568528,870605.220695,-6812.650900
1158023.762036,870922.739659,-6795.533200
1158022.955689,871240.258781,-6768.278800
1158022.149487,871557.777936,-6732.116200
1158000.686385,872686.058174,-6634.295900
1157962.012613,874489.975206,-6589.911100
1140675.900592,879377.970839,-7651.602100
1140867.477158,879604.307410,-7657.043900
1141057.194251,879833.020044,-7628.211900
1141228.315494,880085.494085,-7687.897900
1141399.436851,880337.968007,-7676.448200
1141570.558382,880590.441900,-7674.282200
1143048.777531,882491.854856,-7556.642600
1143236.595179,882730.839217,-7485.432600
1143424.412983,882969.823516,-7457.149400
1143612.230869,883208.807661,-7427.433600
1143792.935909,883447.998736,-7354.225600
1143967.713584,883687.362223,-7280.105500
1144142.491363,883926.725595,-7209.922400
1144317.269304,884166.088929,-7152.393100
1144508.115099,884397.709937,-7098.985800
1144700.567783,884628.556620,-7043.427700
1145810.588968,883244.525820,-6698.692400
1145639.727594,883012.142423,-6807.390100
1145477.985494,882772.397095,-6897.663100
1145316.243518,882532.651691,-6970.070800
1145154.501685,882292.906236,-7069.732900
1144981.384719,882028.905917,-7135.940400
1144805.740076,881759.515563,-7204.838900
1144630.095607,881490.125147,-7308.061500
1144455.494617,881226.168566,-7359.661600
1144285.588879,880986.664814,-7420.025400
1144115.683234,880747.160934,-7560.759300
1143945.777750,880507.657022,-7621.152800
1143777.821071,880258.811529,-7706.978000
1143611.488445,880002.181398,-7816.494600
1143445.155976,879745.551213,-7865.443800
1143278.823613,879488.920892,-7871.001500
1143089.442683,879255.721168,-7891.228500
1142706.071380,878794.007471,-7789.269000
1142516.865789,878564.446117,-7868.167000
1142334.273323,878338.339710,-7844.984900
1142151.680957,878112.233192,-7950.055700
1141969.088720,877886.126602,-8005.318800
1149521.213683,882762.952373,-6058.335000
1149335.772316,882519.857255,-6147.467800
1149150.331037,882276.761982,-6265.212400
1148974.496750,882032.938626,-6358.519500
1148810.190764,881788.241517,-6523.543900
1148645.884906,881543.544328,-6636.571800
1148481.579195,881298.847086,-6729.776900
1148285.280184,881055.068640,-6778.802200
1148081.871651,880811.494276,-6860.806200
1147878.463267,880567.919819,-6933.679700
1147679.859221,880326.575915,-6996.731000
1147502.874428,880095.270177,-7068.790000
1147325.889718,879863.964305,-7097.564500
1147148.905163,879632.658392,-7148.374000
1146959.832074,879383.126374,-7221.003400
1146760.685269,879118.405925,-7276.866700
1146561.538636,878853.685387,-7329.483400
1146362.392110,878588.964674,-7440.888700
1146175.907465,878378.517301,-7498.901900
1145990.689080,878173.497162,-7581.314000
1145805.470742,877968.476880,-7653.535600
1145621.245772,877751.683363,-7714.672400
1145439.669586,877503.494634,-7790.601600
1145076.517609,877007.116881,-7860.436000
1144714.571578,876553.324136,-7953.791000
1144533.732642,876331.159311,-7974.726600
1144352.893850,876108.994438,-8030.372100
1144184.004848,875877.475818,-8007.792500
1144015.115960,875645.957113,-8001.927200
1143846.227204,875414.438349,-8002.483900
1143663.548906,875188.052508,-7979.254900
1143456.738861,874970.649384,-7937.605000
1143249.928929,874753.246156,-7919.902800
1143043.119050,874535.842760,-7911.960400
1151884.165908,883239.213201,-5439.152300
1151720.595637,882990.471357,-5529.339400
1151583.949998,882740.326478,-5600.660600
1151462.689952,882489.379916,-5642.866200
1151341.430017,882238.433277,-5718.632800
1151220.170239,881987.486656,-5811.583000
1151048.666012,881746.989875,-5867.062000
1150877.161911,881506.493005,-5980.169900
1150705.657954,881265.996074,-6055.273900
1150541.377772,881019.102560,-6097.496100
1150389.739167,880761.015175,-6183.881300
1150238.100718,880502.927744,-6255.101600
1149928.893745,879986.924324,-6586.947300
1149769.101336,879729.072773,-6630.069800
1149609.309061,879471.221133,-6683.912100
1149449.947271,879212.902169,-6805.265600
1149294.889017,878949.910562,-6885.189000
1149139.830932,878686.918920,-6998.384800
1148984.772959,878423.927153,-7076.477500
1148825.755099,878165.147533,-7149.453100
1148661.985280,877911.422399,-7200.012700
1148498.215599,877657.697188,-7292.574200
1148334.446073,877403.971923,-7346.522500
1148160.005098,877150.555014,-7404.866700
1147983.192800,876897.206560,-7504.176300
1147806.380659,876643.858041,-7589.908700
1147632.723712,876392.058704,-7712.133800
1147473.264816,876147.231258,-7802.790500
1147313.806019,875902.403694,-7849.904800
1147154.347384,875657.576109,-7890.124000
1147008.695199,875398.150278,-7951.040000
1146874.548442,875126.559276,-7999.402800
1146740.401851,874854.968256,-8081.642600
1146460.356207,874315.767459,-8131.727100
1146313.281890,874048.555871,-8212.599600
1146166.207690,873781.344164,-8169.460000
1146014.274441,873515.365331,-8097.906700
1145849.383411,873252.674136,-8111.375000
1145519.601790,872727.291505,-8032.465300
1145355.478858,872473.503477,-8032.727100
1147705.691256,871808.019203,-8295.109400
1147913.974772,872022.950096,-8245.584000
1148110.988424,872240.666220,-8225.972700
1148308.002210,872458.382270,-8189.026900
1148505.016051,872676.098160,-8103.002000
1148713.974667,872891.836574,-8069.688500
1148932.887255,873105.927037,-8030.546400
1149151.799911,873320.017341,-7962.092800
1149370.712706,873534.107558,-7901.857900
1149539.802983,873768.746393,-7789.556600
1149703.911125,874005.440023,-7742.772000
1149868.019424,874242.133623,-7664.853000
1150025.573134,874490.760864,-7602.164600
1150165.647843,874771.211394,-7533.147900
1150305.722722,875051.661888,-7405.179200
1150445.797750,875332.112299,-7339.249000
1150571.471866,875598.952974,-7242.646000
1150688.916911,875858.016595,-7170.127000
1150806.362114,876117.080224,-7015.002400
1150923.807428,876376.143766,-6981.511200
1151041.131299,876631.206381,-6868.808100
1151158.455305,876886.268962,-6791.569800
1160238.119706,889831.081146,-2704.788100
1160440.073900,890057.751871,-2592.660600
1160642.028183,890284.422449,-2550.430900
1160857.477298,890493.507924,-2548.222200
1161075.925325,890698.685484,-2547.311000
1161294.373414,890903.862887,-2521.114700
1161520.964520,891093.150869,-2513.136000
1161784.198639,891210.936734,-2506.775600
1162047.432791,891328.722474,-2489.491000
1162310.666870,891446.508040,-2462.120100
1162578.643422,891559.248082,-2435.872100
1162850.571997,891667.783485,-2427.690200
1163122.500515,891776.318725,-2421.114500
1163394.429064,891884.853839,-2405.144500
1163625.417963,892065.568957,-2404.481200
1163852.312971,892253.501945,-2465.362800
1164079.208096,892441.434834,-2460.012500
1164304.990313,892637.322285,-2443.269300
1164527.804785,892854.422215,-2440.248300
1164750.619368,893071.522014,-2404.472400
1170228.153614,897709.584241,-2156.569100
1170104.547996,897428.369227,-2201.679200
1169980.942529,897147.154140,-2226.490500
1169857.337254,896865.939077,-2275.609900
1169723.762680,896597.247965,-2296.564700
1169584.491440,896335.713409,-2313.483200
1169445.220327,896074.178757,-2351.438500
1169305.949393,895812.644107,-2346.304000
1169165.464096,895537.123718,-2411.394300
1169024.978965,895261.603274,-2417.893800
1168884.494013,894986.082808,-2429.514600
1168741.524606,894717.188561,-2479.685300
1168594.207308,894459.890310,-2441.394800
1168446.890167,894202.592018,-2436.054000
1168299.573139,893945.293606,-2443.114700
1168133.303217,893688.527504,-2441.152800
1167959.926041,893431.960938,-2443.809800
1167786.549004,893175.394267,-2468.454100
1167611.616881,892918.871418,-2477.434600
1167421.132552,892662.787545,-2496.424600
1167230.648393,892406.703593,-2517.071300
1167040.164338,892150.619474,-2533.649700
1166870.666830,891890.307407,-2546.303700
1166726.353086,891624.921764,-2542.901600
1166582.039493,891359.536062,-2530.453100
1166437.726069,891094.150331,-2517.009300
1166280.839647,890856.162120,-2488.807100
1166121.159315,890624.262193,-2517.350800
1165961.479121,890392.362214,-2561.077400
1165809.214500,890150.238891,-2546.598400
1165690.319725,889862.111041,-2534.204800
1165571.425101,889573.983115,-2591.214600
1165452.530675,889285.855223,-2587.242900
1165313.217537,889014.690926,-2575.426500
1165156.888829,888757.662945,-2588.123000
1165000.560282,888500.634918,-2629.404500
1164844.231844,888243.606763,-2654.207800
1164669.082995,888002.589172,-2680.247600
1164492.052215,887763.172542,-2743.065900
1164315.021523,887523.755764,-2756.764200
1164133.263186,887282.287685,-2757.704600
1163744.531953,886788.411204,-2659.003200
1163550.166554,886541.472812,-2653.962400
1163237.138160,886037.279799,-2772.532200
1163089.035495,885784.036956,-2884.455800
1162755.139674,885299.648138,-3146.618700
1162569.346463,885068.502069,-3096.545900
1162383.553387,884837.355921,-3157.462900
1162198.196176,884611.297983,-3215.952400
1158112.913243,880218.814015,-4786.551300
1157890.761267,880030.153228,-4861.954600
1157697.071620,879839.324551,-4995.715800
1157108.332651,879257.954427,-5235.743700
1156906.205786,879057.353516,-5376.435500
1156704.078960,878856.752446,-5381.198200
1156495.070981,878656.621049,-5428.139600
1156267.713033,878457.742206,-5447.314900
1155302.299048,877711.355059,-5970.718800
1155040.729592,877542.499130,-6048.199200
1154779.160226,877373.643070,-6130.735800
1154615.020259,877133.919812,-6224.640600
1154450.880417,876894.196473,-6306.528300
1154286.740715,876654.473078,-6396.633300
1154114.465473,876410.247465,-6515.047400
1153927.953000,876158.143084,-6565.617200
1153741.440677,875906.038619,-6674.933600
1153554.928450,875653.933994,-6769.123000
1153378.156078,875411.024985,-6874.872600
1153031.916459,874932.103438,-7245.878400
1152858.192596,874692.296082,-7321.171900
1152678.426494,874449.024167,-7323.708500
1152498.660544,874205.752186,-7369.271500
1152318.894680,873962.480055,-7395.967800
1152139.128981,873719.207879,-7426.911100
1151959.363409,873475.935606,-7456.736300
1151779.597964,873232.663235,-7500.960400
1151599.832567,872989.390663,-7551.930700
1151422.053757,872746.066758,-7603.930200
1151244.716450,872502.731291,-7670.747600
1151067.379286,872259.395756,-7746.432600
1150894.538723,872012.654660,-7827.474100
1150589.326566,871488.523465,-7794.272900
1150436.720723,871226.457799,-7792.495600
1150282.027933,870969.370158,-7780.280800
1152126.682020,869064.252766,-8001.223100
1152312.991355,869307.337899,-7952.170400
1152499.300797,869550.422902,-7890.974600
1152682.721283,869783.395124,-7800.480000
1152864.490941,870010.588524,-7687.022500
1153046.260737,870237.781862,-7627.326200
1153228.030603,870464.975053,-7543.471200
1153401.056294,870700.433550,-7482.420900
1153574.082101,870935.891956,-7414.251000
1153747.108008,871171.350247,-7380.243200
1153935.751898,871414.014890,-7338.034700
1154151.727129,871669.290615,-7256.894000
1154367.702480,871924.566181,-7221.183100
1154583.678015,872179.841663,-7164.628400
1154756.063557,872424.703273,-7161.562000
1154912.102940,872665.659668,-7100.563000
1155068.142456,872906.616002,-7084.098100
1155227.689508,873145.834189,-7039.006800
1155422.310829,873367.671604,-7057.421400
1155616.932229,873589.508879,-6951.718300
1155811.553776,873811.346091,-6820.585900
1156002.229790,874051.052308,-6723.727100
1156188.171250,874312.201443,-6599.390100
1156374.112856,874573.350473,-6500.341800
1156560.054588,874834.499369,-6418.865200
1156732.448840,875088.660203,-6331.138200
1156901.832640,875341.268061,-6243.418900
1157071.216560,875593.875805,-6135.800800
1157239.770737,875843.411908,-6048.685100
1157404.590421,876079.125700,-5961.152300
1157569.410254,876314.839452,-5890.606900
1157734.230171,876550.553069,-5799.030800
1162699.122956,882254.508528,-3191.967800
1162884.561234,882472.646323,-3149.961400
1163069.999590,882690.783987,-3183.903100
1163255.438088,882908.921595,-3232.855700
1163471.032981,883092.980154,-3110.743200
1163722.815530,883236.143924,-3074.628700
1163974.598092,883379.307544,-3048.109900
1164226.380640,883522.471001,-3013.161600
1164416.927061,883741.111239,-2976.183300
1164593.865554,883976.524030,-2932.621600
1164770.804148,884211.936699,-2876.698000
1164951.018646,884447.986668,-2813.910600
1165145.974119,884686.904593,-2768.203900
1165340.929751,884925.822444,-2727.701700
1165535.885466,885164.740128,-2677.370800
1165721.078933,885404.480228,-2618.358900
1161194.395924,876010.727078,-4861.846200
1161010.644824,875767.514246,-4990.804700
1160826.893932,875524.301417,-5110.155800
1160097.710606,874538.554761,-5754.934600
1159916.246359,874290.275768,-5874.430700
1159726.882748,874051.328950,-5953.303200
1159536.729304,873813.315244,-6037.951200
1159346.575941,873575.301378,-6111.456100
1159156.381106,873335.924150,-6192.742200
1158966.075400,873092.911374,-6275.032200
1158775.769811,872849.898475,-6392.798800
1158585.464368,872606.885492,-6468.238300
1158405.948754,872360.383455,-6517.181600
1158232.598852,872111.887688,-6536.550300
1158059.249055,871863.391789,-6623.021500
1157885.899427,871614.895852,-6691.506300
1157704.788758,871380.645396,-6753.601600
1157523.678206,871146.394841,-6842.248000
1157342.567791,870912.144211,-6915.271500
1157159.490527,870671.395046,-6928.365700
1156972.971255,870419.273586,-6987.160200
1156786.452134,870167.152041,-7061.416000
1156599.933108,869915.030334,-7136.003900
1156206.255943,869428.679503,-7337.700200
1156007.788096,869186.916490,-7353.464400
1155811.189127,868945.738177,-7381.346700
1155633.277781,868710.407895,-7398.055700
1155455.366575,868475.077546,-7447.695800
1155277.455448,868239.747051,-7425.395500
1155090.061134,867996.948314,-7436.932100
1154891.286917,867745.187604,-7428.478000
1154692.512835,867493.426774,-7416.442900
1170543.974457,881664.209881,-2691.711400
1170350.076987,881433.243753,-2716.207000
1170156.179622,881202.277498,-2753.014400
1169962.717994,880971.026274,-2829.192400
1169773.612645,880736.926341,-2866.825200
1169584.507440,880502.826327,-2874.420400
1169209.395597,880026.346906,-3013.401400
1169027.106896,879774.032711,-3045.583000
1168844.818334,879521.718413,-3083.948200
1168662.529931,879269.404039,-3124.724100
1168433.530467,879088.053310,-3145.537600
1168194.150785,878922.472172,-3176.750700
1167954.771166,878756.890905,-3195.012700
1167705.088430,878609.809489,-3257.261500
1167409.041689,878545.978060,-3252.037600
1167112.994813,878482.146479,-3287.296400
1166816.947918,878418.314771,-3305.080100
1166595.188777,878260.627445,-3394.219500
1166435.336264,878024.727136,-3420.908200
1166275.483891,877788.826773,-3506.002700
1164378.208239,875093.808693,-4379.447800
1164197.513771,874871.523543,-4472.506300
1163990.741851,874649.975254,-4510.242200
1163783.970032,874428.426839,-4554.058100
1163577.198337,874206.878322,-4601.811500
1163368.849331,873982.098205,-4666.551800
1163157.740018,873751.662943,-4746.113800
1162946.630833,873521.227569,-4878.468300
1162735.521712,873290.792011,-4978.412100
1162525.180832,873066.894694,-5048.680200
1162315.128089,872845.449121,-5186.628900
1162105.075436,872624.003407,-5296.571800
1161896.829816,872400.959322,-5402.796400
1161706.653581,872161.932639,-5483.021500
1161516.477493,871922.905877,-5548.397900
1161326.301486,871683.878954,-5677.986300
1161130.362128,871450.934966,-5756.730000
1160927.506644,871225.290427,-5860.677200
1160724.651265,870999.645765,-5937.991200
1160521.796016,870774.001006,-6043.058100
1160323.231495,870558.892441,-6129.661600
1160125.620545,870346.125170,-6244.494600
1159928.009710,870133.357808,-6345.450700
1159728.675053,869917.362072,-6451.570300
1159521.583064,869686.839244,-6525.897000
1159314.491147,869456.316250,-6590.952100
1159107.399387,869225.793178,-6666.042500
1158912.377756,868997.663408,-6701.554700
1158727.414603,868771.528075,-6764.976600
1158542.451577,868545.392665,-6835.660600
1158357.488620,868319.257100,-6868.996600
1158155.988939,868085.398768,-6912.835900
1157952.835687,867850.768043,-6965.650400
1157749.682505,867616.137144,-7025.953600
1157544.373575,867384.027055,-7078.751000
1157333.315694,867158.639225,-7107.239300
1157122.257906,866933.251252,-7189.002400
1156911.200244,866707.863174,-7279.156300
1156702.709782,866481.768547,-7310.477500
1156288.663050,866028.771631,-7278.462400
1156081.639869,865802.273015,-7270.731000
1155892.078030,865559.259730,-7263.049300
1155702.516315,865316.246338,-7247.403300
1168391.756421,875720.182912,-3771.055200
1168222.424411,875504.795340,-3818.195600
1168029.450007,875308.873812,-3861.378400
1167836.475651,875112.952144,-3941.926300
1167643.501416,874917.030410,-4050.547400
1166384.406583,873590.959077,-4479.033700
1166175.833162,873362.935669,-4562.047400
1165550.113644,872678.864763,-4602.361300
1165342.117535,872450.324682,-4680.185500
1165139.890015,872216.622634,-4719.687500
1164937.662638,871982.920492,-4800.006300
1164735.435332,871749.218175,-4865.025900
1164535.322692,871525.019210,-4978.070300
1164140.172481,871099.429094,-5153.523400
1163942.597537,870886.633886,-5235.070300
1163730.808649,870666.867074,-5309.533200
1163515.861189,870445.550915,-5391.069800
1163300.913852,870224.234645,-5465.706100
1163085.943960,870002.191532,-5499.921900
1162870.872434,869776.878305,-5601.814500
1162655.800973,869551.564902,-5693.105000
1162440.729662,869326.251413,-5763.421900
1162227.873981,869100.878695,-5830.076200
1162016.864695,868875.456622,-5882.248500
1161805.855536,868650.034441,-5953.036600
1161594.846436,868424.612081,-6024.234400
1161391.567231,868210.813730,-6100.721200
1161189.061094,867998.177668,-6174.303700
1160986.555004,867785.541440,-6221.155800
1160786.612718,867569.283315,-6280.077100
1160593.507012,867343.366914,-6348.100100
1160400.401402,867117.450389,-6414.431600
1160207.295920,866891.533776,-6446.522500
1160005.440532,866668.416531,-6476.710000
1159798.585280,866446.898911,-6577.741700
1159591.730094,866225.381129,-6639.933100
1159384.875052,866003.863269,-6709.685500
1159005.649145,865569.879802,-6761.563000
1158816.036359,865352.887931,-6719.983900
1158618.960536,865134.287631,-6687.750000
1157433.582816,863721.731966,-6516.564500
1157250.486399,863471.149688,-6518.171900
1157061.175894,863237.136377,-6465.567900
1156871.865528,863003.122986,-6459.674800
1156682.555236,862769.109437,-6492.651900
1156493.972064,862534.850816,-6500.274900
1156306.261343,862300.298047,-6521.716300
1156118.550737,862065.745171,-6479.122100
1172289.711918,877122.243010,-3326.473100
1172223.265036,876831.002177,-3414.539800
1172156.818312,876539.761367,-3478.800800
1172090.371738,876248.520554,-3525.715300
1171940.083734,875998.645166,-3575.753400
1171771.164379,875757.961966,-3626.036900
1171602.245169,875517.278703,-3664.483200
1171429.129966,875277.714870,-3695.637500
1171237.132504,875043.189002,-3735.066700
1171045.135127,874808.662977,-3759.309100
1170853.137910,874574.136890,-3802.922100
1170661.140811,874339.610689,-3891.411900
1170469.143830,874105.084375,-3909.383500
1170277.146883,873870.557845,-3933.970200
1170085.150137,873636.031304,-3975.866900
1169887.059034,873409.420648,-3994.389600
1169688.358594,873183.601470,-4025.070800
1169489.658217,872957.782124,-4056.527100
1169290.058598,872731.716078,-4096.970200
1169088.060735,872504.992261,-4157.007300
1168886.062970,872278.268310,-4221.208000
1168684.065333,872051.544260,-4274.087900
1168479.501640,871844.653166,-4346.920900
1168273.471690,871649.095186,-4438.220700
1167861.411992,871257.978838,-4529.911600
1167680.264387,871048.709874,-4601.222700
1167499.116875,870839.440810,-4638.052700
1167317.969474,870630.171670,-4661.204100
1167112.789061,870441.607854,-4676.416500
1166865.550813,870289.278458,-4769.416000
1166618.312605,870136.948926,-4859.864700
1166371.074363,869984.619213,-4951.586900
1166132.371734,869798.549286,-5025.838900
1165896.870000,869599.826675,-5108.695800
1165661.368323,869401.103901,-5200.468300
1165428.552586,869203.034694,-5262.017600
1165222.595555,869011.502506,-5246.646500
1165016.638621,868819.970222,-5338.867200
1164810.681713,868628.437775,-5386.809100
1164611.833920,868413.035071,-5469.376000
1164421.517016,868168.988013,-5544.653800
1164231.200239,867924.940846,-5613.477100
1164040.883608,867680.893591,-5683.318400
1163843.845502,867459.164231,-5740.103000
1163645.313810,867242.394318,-5764.554200
1163446.782238,867025.624312,-5794.953600
1163249.954975,866806.257760,-5840.758800
1163060.796965,866575.207373,-5891.889200
1162871.639034,866344.156836,-5948.268100
1162682.481257,866113.106240,-5995.415500
1162482.604385,865880.720843,-6038.169400
1162273.794972,865647.223096,-6088.370100
1162064.985694,865413.725246,-6166.263200
1161856.176483,865180.227214,-6146.710400
1161655.607756,864950.144229,-6174.672900
1161455.863170,864720.402635,-6253.115700
1161256.118649,864490.660871,-6328.879900
1161050.968922,864266.535856,-6339.903300
1160831.405029,864057.388929,-6298.124000
1160611.841207,863848.241852,-6225.853000
1160392.277494,863639.094662,-6243.501000
1160195.896731,863405.715170,-6225.030800
1160012.763484,863158.488659,-6201.471700
1159829.630337,862911.262005,-6198.661600
1159646.497358,862664.035302,-6199.243200
1159485.215648,862411.188233,-6185.867700
1159323.934074,862158.341085,-6155.392600
1159162.652652,861905.493884,-6139.897000
1158416.067075,860896.982436,-5857.298800
1158227.824115,860653.644251,-5834.455100
1158040.782003,860413.551133,-5816.943400
1157853.740001,860173.457895,-5784.772900
1157667.864580,859932.694618,-5760.457500
1157493.653844,859685.231859,-5741.249500
1157319.443258,859437.769037,-5736.476600
1157145.232763,859190.306070,-5737.438500
1175812.178060,882381.392617,-3184.549300
1175701.429532,882099.804293,-3177.115500
1175590.681151,881818.215907,-3164.810100
1175479.932956,881536.627556,-3155.949000
1175361.732185,881261.117202,-3154.627900
1175239.272880,880989.080013,-3158.622100
1175116.813712,880717.042743,-3163.907500
1174994.354725,880445.005493,-3168.507100
1174753.760816,879616.370687,-3236.569300
1174667.290928,879338.512376,-3265.003900
1174569.844831,879057.772346,-3306.908900
1174472.398900,878777.032328,-3289.857700
1174374.953106,878496.292240,-3324.446500
1174277.583367,878218.464741,-3356.471200
1174180.242238,877941.729440,-3404.324000
1174082.901257,877664.994112,-3459.766400
1173982.579350,877390.344777,-3508.774400
1173852.446771,877136.555394,-3541.102800
1173722.314345,876882.765994,-3596.906000
1173592.182029,876628.976491,-3629.495600
1173457.695318,876365.293431,-3622.892300
1173317.983277,876089.738015,-3656.582000
1173178.271397,875814.182543,-3690.489300
1173038.559694,875538.627046,-3721.123500
1172912.283966,875266.797552,-3759.538800
1172788.994133,874995.796039,-3798.903800
1172665.704467,874724.794516,-3822.010000
1172540.211960,874454.582959,-3857.050800
1172404.806247,874187.926622,-3935.552200
1172269.400662,873921.270187,-3970.908000
1172133.995257,873654.613757,-4006.362800
1172012.667857,873382.650247,-4052.302700
1171903.072169,873106.264208,-4084.435500
1171793.476648,872829.878175,-4129.059600
1171683.881259,872553.492060,-4151.512700
1171558.422365,872266.623036,-4168.116200
1171431.377273,871978.705680,-4196.464800
1171304.332327,871690.788222,-4237.966800
1171170.364946,871409.892965,-4273.838400
1171017.937382,871147.723501,-4312.048800
1170865.509958,870885.553951,-4360.080100
1170713.082698,870623.384357,-4409.652300
1170536.756917,870397.574459,-4464.787600
1170346.774884,870192.541522,-4527.039100
1170156.792907,869987.508443,-4576.010300
1169966.811059,869782.475300,-4612.440400
1169727.729283,869629.895807,-4694.448200
1169488.647530,869477.316173,-4758.033700
1169249.565826,869324.736415,-4779.004900
1169019.656768,869160.976958,-4865.569300
1168805.799915,868977.653189,-4879.646000
1168591.943140,868794.329308,-4953.624000
1168378.086380,868611.005261,-5017.055200
1168203.215490,868379.978089,-5090.564500
1168042.964383,868131.062200,-5179.444800
1167882.713402,867882.146215,-5231.504400
1167718.297709,867638.081562,-5309.864300
1167512.233626,867442.530868,-5396.167500
1167306.169642,867246.980078,-5456.641100
1167100.105689,867051.429123,-5521.484900
1166878.303227,866849.947757,-5501.790500
1166637.614470,866641.349821,-5494.942400
1166396.925791,866432.751723,-5505.337900
1166156.237217,866224.153488,-5567.204600
1165922.526763,866026.837962,-5614.318400
1165690.367060,865832.029596,-5618.886200
1165458.207449,865637.221104,-5594.108900
1165234.373565,865432.710940,-5581.351100
1165048.005470,865184.543977,-5567.198700
1164861.637474,864936.376863,-5583.415500
1164675.269650,864688.209695,-5578.757300
1164503.180635,864441.829311,-5584.633300
1164342.990664,864196.937940,-5558.272500
1164182.800837,863952.046516,-5611.902800
1164022.611103,863707.154958,-5634.610400
1163835.001750,863463.036707,-5665.968300
1163644.650548,863218.995677,-5695.529800
1163454.299431,862974.954483,-5732.274400
1163258.335462,862737.081628,-5777.860400
1163047.403580,862515.657743,-5806.488800
1161507.405035,861094.156498,-5487.530300
1161310.082618,860893.392940,-5456.261700
1161112.760304,860692.629291,-5426.818400
1160903.916138,860483.087207,-5419.255900
1160674.908746,860258.182981,-5437.329100
1160445.901472,860033.278623,-5482.032700
1160216.894245,859808.374066,-5488.002400
1187328.913132,885752.138725,-2828.048600
1187182.762201,885492.173115,-2830.102800
1187018.574479,885239.257242,-2819.672900
1186854.386898,884986.341285,-2813.443600
1186690.199478,884733.425269,-2810.708500
1186497.756680,884496.035110,-2783.744100
1186299.035000,884262.095047,-2792.580800
1186100.313463,884028.154888,-2781.586200
1185912.372573,883787.546892,-2795.619100
1185772.944389,883516.934328,-2804.807600
1185633.516338,883246.321660,-2794.187700
1185494.088476,882975.708993,-2795.626500
1185318.193698,882737.235773,-2801.684800
1185111.909814,882525.545385,-2827.997800
1184905.626047,882313.854893,-2869.378200
1184699.342328,882102.164225,-2862.097900
1184462.551838,881913.167153,-2855.590600
1184222.710720,881726.439290,-2864.376000
1183982.869609,881539.711229,-2875.140600
1183769.297719,881338.333441,-2880.375500
1183625.776920,881097.889959,-2903.736600
1183482.256241,880857.446400,-2873.158900
1183338.735704,880617.002801,-2894.800800
1183197.655190,880352.274471,-2865.713400
1183057.969090,880073.669180,-2850.760000
1182918.283137,879795.063787,-2834.232200
1182652.401313,879254.511548,-2871.004400
1182526.205395,878992.564654,-2876.161600
1182400.009637,878730.617744,-2845.357700
1182246.023405,878482.182490,-2846.806900
1182043.403747,878257.392687,-2806.406300
1181840.784213,878032.602777,-2807.998300
1181638.164743,877807.812692,-2791.842000
1181450.578843,877569.501593,-2818.337200
1181268.630606,877326.120040,-2849.392600
1181086.682487,877082.738369,-2859.346900
1180901.370872,876843.728986,-2942.001700
1180682.423059,876648.443347,-2945.496800
1180244.527658,876257.871664,-2966.253400
1180020.284703,876072.294728,-3012.304000
1179559.089971,875724.442209,-3080.530500
1179328.492702,875550.515753,-3121.806200
1179117.509050,875338.358820,-3163.603000
1178203.110115,874155.346083,-3216.566200
1178050.901321,873898.141703,-3278.050000
1177882.774236,873660.499264,-3345.982700
1177701.381916,873439.158429,-3424.710900
1177519.989721,873217.817515,-3477.384500
1177096.254936,872795.945429,-3499.565400
1176847.817288,872597.495249,-3556.708500
1176599.379652,872399.044858,-3606.098900
1176082.513737,872067.717103,-3722.221900
1175818.369105,871920.788246,-3772.596900
1175554.224509,871773.859243,-3828.387000
1175300.301336,871621.553596,-3896.579800
1175052.219045,871466.175553,-3947.580100
1174804.136736,871310.797333,-3990.971200
1174556.054503,871155.418995,-4031.736800
1172946.076914,870362.250941,-4369.744600
1172678.303055,870232.473856,-4408.851600
1172412.812141,870099.726207,-4421.189000
1172148.177314,869965.864491,-4446.238300
1171883.542468,869832.002611,-4467.832000
1171615.727791,869706.424463,-4501.468300
1171316.114731,869663.685025,-4525.303700
1171016.501608,869620.945466,-4556.179700
1170423.209236,869548.963139,-4805.076200
1170136.651115,869535.917013,-4813.973600
1169850.092881,869522.870793,-4821.016600
1169563.534566,869509.824482,-4869.858400
1169369.317809,869315.568162,-4917.387700
1169195.621535,869081.042866,-4976.842300
1169021.925396,868846.517502,-5070.814500
1168880.007953,868603.275187,-5108.339800
1168881.094378,868320.807251,-5175.219200
1168882.180917,868038.339345,-5194.983400
1168883.267573,867755.871582,-5173.649900
1168884.019315,867461.394673,-5177.798800
1168884.491996,867156.910191,-5179.960900
1168885.437764,866547.941507,-5267.282700
1168811.960783,866250.073962,-5286.407200
1168731.088968,865952.868092,-5302.138700
1168650.217302,865655.662170,-5330.929200
1168559.120027,865366.663499,-5307.252400
1168440.754133,865099.550657,-5281.717800
1168322.388378,864832.437764,-5289.862800
1168204.022783,864565.324865,-5287.772500
1168066.927876,864315.307583,-5316.883800
1167919.130573,864075.059236,-5357.750000
1167771.333368,863834.810781,-5407.735400
1167168.306005,863180.631645,-4937.434100
1166940.690992,862973.666115,-4958.426800
1166708.411849,862769.747060,-4998.806600
1166227.529191,862372.571794,-5064.159700
1165987.087921,862173.983890,-5082.633800
1165789.191192,861948.715021,-5120.360400
1165607.248733,861713.440729,-5180.028800
1165425.306381,861478.166322,-5212.092300
1165241.809856,861243.026858,-5252.981900
1165042.770514,861009.237699,-5219.679200
1164843.731309,860775.448449,-5230.422400
1164644.692175,860541.659027,-5200.170900
1164446.056732,860309.226328,-5147.431600
1164247.905621,860078.421634,-5146.004900
1164049.754620,859847.616820,-5094.134300
1163851.603751,859616.811913,-5058.559100
1163639.187247,859401.161904,-5028.630400
1163423.600669,859188.879551,-5018.034200
1163208.014204,858976.597086,-5016.889600
1162988.072333,858772.996687,-5011.195300
1162748.531006,858608.466242,-5019.582000
1162508.989669,858443.935625,-5054.843300
1162056.344161,858074.254199,-5070.758800
1161865.270826,857835.253535,-5092.085000
1161674.197631,857596.252785,-5125.908700
1179253.762738,871356.802486,-3579.305700
1179006.490205,871539.680960,-3569.411100
1178759.217487,871722.559579,-3553.822500
1178289.961733,872124.356114,-3478.927000
1177830.189299,872539.667778,-3491.908400
1177589.839787,872730.409915,-3450.806600
1177347.165010,872917.393520,-3465.661900
1177104.490133,873104.377213,-3458.831100
1176860.265575,873288.855849,-3477.238500
1176106.672755,873808.472082,-3867.211200
1175869.663344,873996.039024,-3859.264900
1175644.477550,874195.573862,-3845.368200
1175419.291672,874395.108800,-3816.903600
1175194.105638,874594.643903,-3778.348600
1174980.668507,874816.621604,-3753.829600
1174768.406180,875040.843700,-3730.459000
1174556.143719,875265.065990,-3719.273400
1174341.276638,875475.431446,-3718.231700
1174119.463953,875648.845172,-3695.492400
1173897.651148,875822.259003,-3681.456800
1173675.838261,875995.672907,-3655.100800
1173436.754317,876144.713826,-3627.423100
1173187.801175,876279.827298,-3591.930400
1172938.847860,876414.940846,-3559.122800
1172689.894466,876550.054419,-3526.380400
1172402.785021,876661.198274,-3497.135300
1172115.675408,876772.342152,-3470.278300
1171828.565658,876883.486039,-3458.816400
1171557.245718,877008.033611,-3429.498800
1171313.558183,877156.037612,-3411.803000
1171069.870539,877304.041669,-3383.426500
1170826.182714,877452.045824,-3368.109400
1170576.513165,877619.160823,-3370.579300
1170072.687414,877967.724206,-3255.705100
1169829.570073,878149.136428,-3219.317100
1169674.410086,878401.852666,-3210.512700
1169519.250097,878654.569027,-3216.601100
1169364.090051,878907.285599,-3194.711700
1169212.801736,879165.813860,-3174.665500
1169066.159454,879431.316217,-3160.127000
1168919.517164,879696.818739,-3135.323500
1168772.874881,879962.321395,-3072.651600
1168654.227221,880227.044270,-3042.166000
1168541.800617,880491.593965,-3006.877700
1168429.374047,880756.143776,-2981.205100
1168294.790453,881007.291571,-2974.847700
1168060.500199,881198.129518,-2970.841600
1167826.209786,881388.967610,-2969.039800
1167591.919304,881579.805772,-2963.583700
1167359.902816,881756.379988,-3006.053500
1167129.781325,881921.067563,-3034.321000
1166899.659744,882085.755204,-3045.780300
1166669.537996,882250.442965,-3074.507100
1166435.416410,882430.727702,-3098.438000
1166200.894727,882612.572232,-3105.422100
1165966.372873,882794.416903,-3079.558800
1165744.183834,882995.858010,-3068.702600
1165554.882435,883249.556226,-3070.257800
1165365.580969,883503.254626,-3057.603000
1165176.279464,883756.953166,-3057.868900
1164991.649239,883992.039933,-2908.862800
1164809.688327,884216.491397,-2906.291300
1164627.727327,884440.943034,-2896.383500
1164445.766307,884665.394756,-2877.085000
1164255.869460,884897.084741,-2862.824000
1164065.972548,885128.774872,-2819.187300
1163876.075591,885360.465123,-2783.775600
1163712.893579,885604.153480,-2789.956300
1163596.462883,885868.838346,-2735.126500
1163480.032215,886133.523340,-2719.781300
1163363.601538,886398.208539,-2700.062500
1163193.612695,886633.807848,-2668.853000
1163003.539471,886858.500052,-2651.627400
1162813.466168,887083.192407,-2636.806400
1162624.858835,887307.297701,-2621.291000
1162450.911764,887525.531207,-2607.741000
1162276.964660,887743.764811,-2597.476100
1162103.017464,887961.998592,-2583.077100
1161921.634327,888179.077892,-2560.898700
1161731.327990,888394.771875,-2568.996300
1161541.021583,888610.465988,-2568.089400
1161350.715125,888826.160206,-2559.184800
1161138.565388,888999.861321,-2581.369900
1160921.561506,889164.230685,-2720.228300
1160704.557544,889328.600113,-2729.854500
1160210.255709,889567.904049,-2701.335400
1159942.233717,889656.597719,-2718.641600
1159674.211641,889745.291372,-2716.413600
1159443.355862,889890.849406,-2694.797100
1159243.472042,890083.794499,-2684.615700
1169053.840373,869857.195607,-4725.422400
1168901.642770,870100.813924,-4738.043000
1168743.112895,870340.603321,-4772.181200
1168521.260429,870542.102273,-4789.606400
1168299.407889,870743.601322,-4747.868200
1167562.368211,871251.044470,-4602.585400
1167291.371732,871385.818771,-4571.200700
1167020.375127,871520.593107,-4558.899900
1166764.346580,871689.372936,-4554.610400
1166511.644172,871865.709622,-4550.368200
1166258.941654,872042.046384,-4532.072800
1166006.854065,872213.814923,-4540.998500
1165757.534379,872365.025933,-4556.427200
1165508.214517,872516.237042,-4515.606900
1164783.407986,873076.035711,-4624.564500
1164549.069505,873295.942145,-4605.580600
1164314.730859,873515.848771,-4572.998000
1164083.212199,873703.814492,-4562.715800
1163851.975429,873888.586222,-4558.973100
1163620.738496,874073.358096,-4574.416000
1163382.325751,874247.953817,-4609.174300
1163124.777584,874395.413013,-4628.049800
1162867.229263,874542.872281,-4638.578600
1162609.680827,874690.331599,-4666.335400
1162346.884692,874853.878033,-4693.405300
1162081.089854,875026.617125,-4736.528800
1161549.499694,875372.095602,-4813.015100
1161340.093368,875578.309042,-4852.196800
1161130.686953,875784.522606,-4905.358900
1160921.280471,875990.736270,-4944.702100
1160693.195479,876186.188658,-4980.196300
1160432.423184,876362.808639,-4994.024400
1158000.798826,878075.422687,-5223.856400
1157765.676070,878264.361854,-5255.022500
1157530.553196,878453.301127,-5276.678200
1157295.430229,878642.240487,-5277.741700
1157024.480982,878790.407802,-5286.122100
1156745.570212,878929.514688,-5316.535600
1156466.659309,879068.621609,-5309.687500
1156209.948143,879227.496350,-5334.995100
1156053.136697,879475.326022,-5352.136700
1155896.325195,879723.155886,-5359.835000
1155739.513701,879970.985845,-5404.411600
1152205.844729,883060.872994,-5346.000000
1151975.011212,883254.746019,-5448.939000
1169205.920772,866991.301169,-5132.274400
1168943.921336,867107.199050,-5158.343300
1168682.000664,867224.476398,-5095.992700
1168420.434907,867347.961236,-5160.064000
1168158.868961,867471.446137,-5169.292000
1167897.302929,867594.931053,-5186.900900
1167631.556640,867727.824724,-5172.143100
1167362.326795,867868.559032,-5217.024400
1166823.866646,868150.027824,-5234.454600
1166566.180652,868305.474130,-5236.723600
1166309.648946,868462.391692,-5282.866700
1166053.117042,868619.309364,-5315.714800
1165796.585000,868776.227112,-5319.841300
1165540.052872,868933.144903,-5311.471700
1165283.520602,869090.062769,-5308.068800
1165026.988194,869246.980711,-5301.454100
1164773.138168,869406.699329,-5285.511700
1164520.820929,869568.018340,-5317.056600
1164268.503513,869729.337457,-5330.957000
1163755.984780,870061.219362,-5417.647500
1163495.783401,870231.782195,-5409.299300
1163235.581906,870402.345098,-5413.953100
1162975.077158,870561.993584,-5419.883800
1162714.041906,870702.541701,-5431.495600
1162453.006532,870843.089863,-5514.330100
1162191.970958,870983.638113,-5544.721200
1161937.646122,871151.683044,-5592.508300
1161685.837714,871330.039307,-5621.204600
1161434.029157,871508.395677,-5667.204600
1161183.069519,871687.912580,-5711.391100
1160940.600252,871879.033968,-5788.925800
1160698.130890,872070.155444,-5841.949700
1160455.661349,872261.277071,-5853.164600
1159734.753831,872780.392279,-6171.619100
1159494.932705,872949.412314,-6226.032200
1159238.179438,873109.083214,-6244.932100
1158977.663363,873266.676580,-6269.760700
1158717.147171,873424.270004,-6304.373000
1158461.311637,873584.828390,-6324.822300
1158226.539830,873758.728705,-6327.988800
1157991.767863,873932.629142,-6350.587400
1157756.995830,874106.529635,-6358.286100
1157505.650265,874275.986546,-6400.209500
1157240.493402,874441.740464,-6425.665500
1156975.336418,874607.494448,-6441.239300
1156710.179227,874773.248550,-6447.823200
1156472.431478,874938.233454,-6429.930200
1156237.424560,875103.141515,-6427.340300
1156002.417473,875268.049695,-6406.818800
1155755.576948,875431.110432,-6381.537600
1155477.180657,875589.244581,-6375.075700
1155198.784188,875747.378811,-6367.444800
1154424.089347,876237.293255,-6513.867200
1154182.661735,876404.906958,-6511.122100
1153941.234049,876572.520710,-6510.005900
1153699.806238,876740.134547,-6478.797900
1153458.378302,876907.748469,-6522.704100
1153216.950135,877075.362548,-6517.734900
1152966.912320,877242.315237,-6526.374500
1152701.807436,877408.110608,-6515.412600
1152436.702425,877573.906046,-6539.790500
1152171.597206,877739.701602,-6521.431600
1151931.565842,877911.344481,-6439.019000
1151700.937092,878085.180173,-6444.439500
1151470.308216,878259.015966,-6419.804700
1151241.761046,878438.256214,-6440.117700
1151034.031923,878671.540279,-6502.325200
1150826.302744,878904.824462,-6502.889600
1150618.573437,879138.108846,-6444.342300
1150412.902028,879365.418527,-6443.971700
1150209.700040,879585.558609,-6411.343800
1150006.497970,879805.698827,-6389.608900
1149803.295842,880025.839154,-6422.574700
1149602.861958,880249.182607,-6456.909200
1149403.043187,880473.237967,-6512.674300
1149203.224359,880697.293441,-6525.226600
1149006.753599,880924.350018,-6574.618700
1148825.349607,881164.910877,-6582.084000
1148643.945529,881405.471926,-6607.757300
1148462.541436,881646.033074,-6588.009300
1148266.600519,881875.540093,-6478.619600
1148058.545564,882095.835334,-6452.657700
1147850.490544,882316.130684,-6442.723100
1147642.435393,882536.426217,-6464.926800
1147461.782840,882755.941379,-6452.734400
1147283.870490,882975.378623,-6448.701700
1147105.958043,883194.816042,-6465.818800
1146928.243979,883421.077978,-6445.961900
1146751.058958,883665.538525,-6426.892600
1146573.873878,883909.999236,-6337.274400
1168205.401547,863675.717703,-5050.448200
1167982.737527,863864.269314,-5105.436500
1167760.073356,864052.821075,-5158.552700
1167537.409175,864241.372865,-5221.202600
1167314.744796,864429.924844,-5264.713900
1167063.436929,864629.251667,-5302.985800
1166812.128929,864828.578613,-5336.182100
1166560.820821,865027.905660,-5366.979000
1166318.917338,865224.058597,-5397.396500
1166093.472141,865414.656683,-5449.462900
1165868.026855,865605.254864,-5519.347700
1165642.581414,865795.853198,-5591.987300
1165404.693459,865986.443569,-5626.724600
1165162.139467,866177.031039,-5653.682100
1164919.585337,866367.618631,-5651.885300
1164677.031109,866558.206314,-5732.047900
1164434.476756,866748.794109,-5720.478500
1164191.922173,866939.382098,-5748.449200
1163949.367570,867129.970116,-5742.892100
1163712.970272,867328.357061,-5720.158700
1163483.961750,867536.102726,-5726.397900
1163254.953119,867743.848519,-5752.277800
1163025.944405,867951.594418,-5728.995100
1162789.221030,868145.632066,-5758.161600
1162550.783195,868336.623514,-5767.473100
1162312.345267,868527.615052,-5780.093800
1162072.340816,868715.556406,-5875.178200
1161825.287659,868889.771348,-5890.782200
1161578.234327,869063.986415,-5930.385300
1161331.180918,869238.201539,-5949.791500
1161090.922385,869416.599751,-6025.143100
1160856.326258,869598.483877,-6061.446300
1160621.730040,869780.368085,-6101.672900
1160387.133654,869962.252433,-6149.931200
1160161.130645,870159.379185,-6192.179200
1159935.986872,870358.030286,-6227.165500
1159710.842946,870556.681547,-6285.605500
1159484.560283,870754.274158,-6345.394000
1159255.241061,870949.043586,-6389.658200
1159025.921717,871143.813140,-6446.017600
1158796.602286,871338.582786,-6491.752000
1158564.179413,871533.444481,-6545.788600
1158329.983138,871728.358786,-6604.115700
1158095.786709,871923.273236,-6639.274900
1157861.590214,872118.187758,-6665.985800
1157619.591743,872296.303433,-6706.210000
1157377.593146,872474.419204,-6723.199700
1157135.594450,872652.535052,-6737.607400
1156899.482913,872829.029984,-6766.606000
1156673.674077,873002.688182,-6783.210000
1156447.865152,873176.346458,-6792.938500
1156222.056069,873350.004864,-6807.380900
1155999.918387,873548.329890,-6835.144000
1155779.157406,873755.904996,-6870.310500
1153948.575336,875334.353154,-6747.550300
1153727.580755,875532.934313,-6752.341300
1153499.651124,875721.884219,-6759.101600
1153270.180287,875908.693919,-6804.128400
1153040.709361,876095.503703,-6788.707500
1152809.673397,876284.544643,-6808.655300
1152571.595360,876483.625252,-6831.766100
1152333.517160,876682.706015,-6818.085000
1152095.438893,876881.786853,-6814.523900
1151861.989554,877071.452300,-6835.937500
1151632.397665,877253.271577,-6810.224600
1151402.805688,877435.090934,-6801.325700
1151173.213549,877616.910428,-6747.089800
1150936.161200,877822.622590,-6733.155300
1150698.362718,878030.724135,-6698.952100
1150460.564065,878238.825853,-6699.401400
1150226.057709,878437.548105,-6715.334500
1150000.330915,878611.258300,-6731.947300
1149774.604000,878784.968596,-6757.937500
1149548.876999,878958.678962,-6793.630400
1149326.294041,879151.424722,-6847.801300
1149105.507682,879355.047877,-6887.282700
1148884.721185,879558.671183,-6887.866700
1148663.934634,879762.294566,-6949.974100
1148429.727376,879952.286091,-6948.383800
1148195.520002,880142.277722,-6972.782200
1147961.312534,880332.269439,-6991.582000
1147727.373911,880521.163414,-7007.589400
1147493.905920,880708.136202,-7023.467800
1147260.437831,880895.109078,-7044.330600
1147026.969575,881082.082098,-7025.503900
1146796.554297,881271.886253,-7021.229000
1146567.283802,881462.752163,-7017.677700
1146338.013182,881653.618189,-7021.146000
1146107.135609,881845.259481,-7016.890100
1145860.189458,882044.652523,-7014.352500
1145613.243207,882244.045655,-7024.504900
1145366.296772,882443.438947,-7009.803200
1145129.245772,882638.909151,-7030.549800
1144904.069244,882829.671691,-7097.356400
1144678.892609,883020.434336,-7122.746100
1144453.715889,883211.197067,-7148.261200
1144218.436016,883398.158327,-7220.558600
1143980.910906,883584.274889,-7272.889200
1143743.385700,883770.391533,-7297.828600
1143507.173946,883955.743315,-7328.954100
1143276.873375,884137.652695,-7389.202600
1143046.572649,884319.562203,-7404.817400
1142816.271859,884501.471769,-7403.403300
1166262.046256,860567.241643,-5153.777300
1166108.968364,860834.036800,-5213.752900
1165955.890462,861100.832123,-5183.341800
1165799.526610,861364.523649,-5251.033700
1165610.303385,861597.175595,-5303.713400
1165421.080125,861829.827657,-5328.627900
1165231.856765,862062.479915,-5352.224600
1165042.638846,862281.931913,-5386.222200
1164853.427395,862485.543633,-5397.210900
1164664.215877,862689.155470,-5443.189000
1164475.004311,862892.767403,-5512.022000
1164229.013430,863093.880169,-5552.095700
1163970.404803,863294.437659,-5632.927200
1163711.796064,863494.995251,-5711.087400
1163460.239978,863698.451924,-5733.322800
1163240.421589,863914.953854,-5836.192900
1163020.603064,864131.455958,-5893.667000
1162800.784490,864347.958152,-5954.460400
1162580.344597,864573.768357,-5997.971200
1162138.429220,865040.902284,-6153.714400
1161917.471354,865274.469517,-6178.884300
1161708.454299,865510.437516,-6198.155300
1161500.631250,865746.645735,-6231.916500
1161292.808076,865982.854159,-6251.086400
1161078.896006,866215.957994,-6296.043900
1160848.746903,866440.782762,-6354.412100
1160618.597682,866665.607689,-6385.728500
1160388.448378,866890.432738,-6395.477100
1160166.818957,867122.669942,-6467.433100
1159950.058054,867359.142686,-6496.445800
1159733.297026,867595.615624,-6538.291000
1159516.535956,867832.088669,-6595.657700
1159298.153232,868039.568259,-6669.532700
1159079.770411,868247.047975,-6723.265100
1158861.387517,868454.527794,-6746.055700
1158643.091012,868664.921097,-6780.229000
1158424.945826,868880.412846,-6850.881800
1158206.800562,869095.904713,-6900.227500
1157988.655155,869311.396760,-6942.842300
1157757.972420,869523.605994,-6959.383300
1157522.588097,869734.584269,-6965.476100
1157287.203647,869945.562686,-6989.132800
1157052.190553,870156.531328,-7007.331100
1156820.892007,870367.401086,-7007.724100
1156589.593379,870578.270947,-7033.260700
1156358.294591,870789.140984,-7048.329600
1156121.175813,870990.618780,-7044.334000
1155632.970005,871371.033175,-7005.436000
1155388.866937,871561.240515,-7040.541500
1155152.252531,871779.922674,-7049.915000
1154917.302193,872004.932686,-7094.095200
1154682.351767,872229.942820,-7130.487300
1154447.263993,872450.041480,-7169.353500
1154211.558766,872648.037769,-7221.195300
1153975.853380,872846.034210,-7294.775900
1153740.147928,873044.030723,-7346.333500
1153501.922590,873247.019637,-7400.934100
1153261.597347,873454.168892,-7432.209500
1153021.272009,873661.318252,-7443.904300
1152780.946496,873868.467783,-7481.647000
1152512.651151,874029.984007,-7467.432600
1152241.558678,874186.936970,-7430.926300
1151970.465992,874343.890039,-7412.010700
1151706.527743,874509.928938,-7372.897900
1151461.668157,874700.196690,-7380.292000
1151216.808431,874890.464561,-7340.704600
1150971.948601,875080.732519,-7322.996100
1150724.504372,875271.079126,-7341.566400
1150475.583334,875461.470683,-7328.794900
1150226.662122,875651.862380,-7282.077600
1149977.740832,875842.254144,-7272.559100
1149728.945873,876036.656428,-7269.009800
1149480.150782,876231.058825,-7264.158200
1149231.355586,876425.461314,-7268.739700
1148987.345400,876621.186674,-7292.823700
1148751.709163,876819.226915,-7301.359400
1148516.072828,877017.267255,-7313.704100
1148280.436324,877215.307755,-7316.827100
1148041.441798,877420.005337,-7323.532200
1147801.187922,877627.199415,-7325.501500
1147560.933911,877834.393633,-7332.199200
1147319.953541,878042.064709,-7336.203100
1147071.710610,878254.503309,-7333.026400
1146823.467582,878466.942014,-7291.860400
1146575.224368,878679.380896,-7329.249000
1146318.860245,878879.764226,-7341.382300
1146052.750950,879065.680923,-7364.530800
1145786.641502,879251.597722,-7377.235400
1145520.531932,879437.514602,-7400.121100
1145282.631530,879630.003539,-7424.173800
1145050.999759,879823.953016,-7442.175300
1144819.367898,880017.902581,-7471.310500
1144586.177153,880214.265730,-7483.096200
1144345.972043,880421.489455,-7495.758800
1144105.766768,880628.713341,-7507.052700
1143865.561423,880835.937306,-7531.338400
1143637.293918,881040.636314,-7566.828100
1165056.581516,857318.052338,-5235.996100
1164868.237121,857552.106835,-5303.412100
1164679.892684,857786.161460,-5358.830600
1164491.548161,858020.216265,-5384.525400
1164303.203619,858254.271169,-5400.605500
1164102.580284,858495.416174,-5427.263700
1163687.300579,858985.809439,-5492.426800
1163479.660642,859231.006284,-5516.092800
1163305.785746,859487.278225,-5548.485400
1163131.910813,859743.550328,-5578.590800
1162958.035863,859999.822569,-5599.954100
1162770.195027,860244.470617,-5621.088900
1162557.913931,860468.776120,-5632.333500
1162345.632767,860693.081748,-5707.386700
1162133.351471,860917.387567,-5765.585900
1161927.149262,861146.625164,-5793.191900
1161723.226653,861377.712285,-5833.599100
1161519.303957,861608.799566,-5850.225100
1161314.189245,861839.647896,-5903.131300
1161097.155004,862068.105445,-5955.712400
1160880.120700,862296.563112,-5992.786100
1160663.086258,862525.020978,-6033.987300
1160449.965203,862747.452932,-6079.246100
1160241.540155,862962.653835,-6130.621600
1160033.115022,863177.854869,-6182.585900
1159824.689828,863393.056013,-6249.647000
1159612.759035,863625.569183,-6300.023400
1159400.049160,863861.929589,-6339.603500
1159187.339225,864098.290124,-6395.454100
1158976.981413,864333.856992,-6438.316400
1158777.208657,864565.851586,-6556.511700
1158577.435795,864797.846369,-6600.967800
1158377.662906,865029.841248,-6658.253400
1158159.272249,865248.161726,-6725.271000
1157925.366762,865455.086859,-6774.674300
1157223.255041,866087.716928,-7194.684100
1156988.915060,866307.681884,-7236.366200
1156754.574916,866527.647028,-7279.813500
1156520.168644,866745.157626,-7316.897000
1156285.586113,866956.122620,-7290.972200
1156051.003457,867167.087755,-7326.778300
1155816.420710,867378.052999,-7307.198700
1155587.169730,867575.486916,-7356.224600
1155360.965477,867765.188641,-7376.995100
1155134.761081,867954.890504,-7407.260700
1154908.556625,868144.592434,-7440.023900
1154670.179731,868364.693525,-7476.178200
1154431.802722,868584.794758,-7513.402800
1154193.425621,868804.896107,-7542.031700
1153959.483043,869013.947906,-7579.356000
1153733.301043,869203.662797,-7617.193800
1153507.118953,869393.377781,-7666.844200
1153280.936707,869583.092912,-7729.956500
1153026.155679,869767.799494,-7790.556200
1152495.144142,870133.456505,-7894.156700
1152229.201537,870313.931055,-7927.828100
1151958.892675,870470.864625,-7997.031700
1151688.583694,870627.798247,-8052.048800
1151418.274501,870784.731976,-8124.153300
1151151.926728,870937.459491,-8184.705600
1150890.332597,871085.139589,-8244.611300
1150628.738324,871232.819750,-8328.045900
1150367.143935,871380.499957,-8265.125000
1150088.227206,871528.682058,-8258.733400
1149805.460941,871676.975736,-8275.522500
1149522.694542,871825.269458,-8297.685500
1149243.692492,871970.361622,-8206.658200
1148981.630882,872101.046416,-8208.166000
1148719.569083,872231.731279,-8206.132800
1148457.507200,872362.416157,-8200.432600
1148181.371384,872498.425600,-8199.293900
1147893.507269,872638.872177,-8201.879900
1147098.452316,873123.814565,-8214.727500
1146885.979842,873334.223998,-8191.201700
1146673.507231,873544.633602,-8162.954600
1146470.553505,873768.975969,-8143.938000
1146292.983564,874030.472280,-8161.822300
1145937.843557,874553.465405,-8157.074700
1145752.578717,874817.735125,-8140.660600
1145562.916842,875083.589495,-8133.299800
1145373.254884,875349.444085,-8124.638700
1145183.592912,875615.298794,-8095.157700
1145005.184228,875846.780952,-8104.964800
1144826.775490,876078.263249,-8088.335000
1144648.366719,876309.745659,-8016.883800
1144457.734183,876538.667487,-7990.798300
1144245.710130,876763.108128,-7925.884800
1144033.686006,876987.548889,-7923.858400
1143821.661747,877211.989839,-7911.757800
1143593.631465,877436.167286,-7900.105000
1143359.598837,877660.246025,-7817.658700
1143125.566082,877884.324917,-7792.915500
1142891.826000,878105.664521,-7805.567900
1142661.013589,878299.609985,-7770.232900
1142430.201096,878493.555535,-7806.103500
1142199.388439,878687.501235,-7758.996100
1141968.846140,878877.800058,-7737.556200
1141738.628209,879063.722672,-7724.209000
1141508.410164,879249.645387,-7730.999500
1141278.192031,879435.568184,-7758.982400
1141048.384623,879635.415875,-7739.318800
1140818.668406,879838.358079,-7750.802700
1140588.952102,880041.300379,-7745.633300
1140354.950444,880234.351943,-7750.399400
1140101.665283,880382.894561,-7776.873500
1139848.379941,880531.437267,-7789.767600
1162598.144189,856399.125106,-5060.028300
1162223.954324,856894.600973,-5064.939500
1162043.212308,857129.986380,-5103.991700
1161866.100544,857358.313178,-5148.026400
1161688.988704,857586.640150,-5138.475600
1161511.876853,857814.967210,-5162.309100
1161339.301394,858059.195224,-5199.077100
1161166.725896,858303.423389,-5252.245100
1160994.150377,858547.651678,-5284.968800
1160812.216941,858785.953909,-5289.623000
1160613.907207,859013.885349,-5368.432100
1160415.597420,859241.816912,-5377.461400
1160217.287520,859469.748668,-5478.549300
1160002.551273,859682.851209,-5503.163100
1159781.655067,859890.392884,-5531.013700
1159560.758752,860097.934696,-5583.766100
1159339.887083,860306.296202,-5626.311500
1159119.262727,860522.853558,-5699.485800
1158898.638303,860739.411022,-5781.336400
1158678.013735,860955.968668,-5792.507800
1158457.389118,861172.526404,-5878.562000
1158236.764405,861389.084276,-5989.020000
1158016.139596,861605.642283,-6049.328600
1157795.514594,861822.200519,-6023.009300
1157570.208769,862014.315055,-6121.299800
1157343.862602,862200.997807,-6199.632300
1157117.516353,862387.680644,-6309.256300
1156891.697355,862577.172952,-6333.691400
1156668.251576,862779.307349,-6368.677700
1156444.805656,862981.441903,-6415.136700
1156221.359682,863183.576533,-6467.824700
1155997.913606,863385.711284,-6498.263700
1155774.467428,863587.846156,-6532.501500
1155551.021052,863789.981235,-6581.599600
1155327.574668,863992.116347,-6645.166000
1154604.622638,864665.599576,-6920.236300
1154366.303472,864886.333205,-6951.961900
1154136.552507,865095.174198,-6983.546900
1153906.801423,865304.015330,-7001.964800
1153677.050254,865512.856567,-7023.252000
1152581.203866,866512.255799,-7227.782700
1152343.441593,866725.344729,-7234.733900
1152105.679229,866938.433769,-7258.999000
1151875.626921,867151.306805,-7277.182100
1151659.067388,867363.801670,-7299.479000
1151442.507778,867576.296647,-7317.922400
1151225.948026,867788.791800,-7345.438500
1151009.388181,868001.287082,-7378.147500
1150792.828289,868213.782446,-7407.688000
1150576.268302,868426.277939,-7434.927700
1150363.323430,868643.314783,-7469.442400
1150009.738086,869168.212974,-7532.876000
1149832.945328,869430.662364,-7547.938000
1149658.392878,869693.504871,-7557.890100
1149486.528742,869956.819180,-7619.621100
1149142.800388,870483.448274,-7652.648900
1148897.151883,870639.067504,-7655.245100
1148635.106738,870770.754435,-7572.912100
1148373.061480,870902.441398,-7607.303200
1148109.541608,871034.354314,-7678.917000
1147839.386711,871167.283740,-7651.087900
1147569.231617,871300.213235,-7719.066900
1147299.076431,871433.142747,-7753.089400
1147040.729951,871574.479722,-7821.004900
1146792.224073,871722.822925,-7908.393100
1146543.718093,871871.166176,-7960.614700
1146295.211929,872019.509524,-7973.962900
1146038.994956,872157.154890,-7978.171400
1145782.006773,872293.730508,-8002.934600
1143854.371278,873735.915850,-8029.936000
1143620.049516,873922.936666,-7953.403300
1143399.031620,874118.595653,-7909.080600
1143178.013622,874314.254750,-7940.235800
1142956.995546,874509.913937,-7897.517100
1142731.200044,874704.256282,-7890.695800
1142497.044181,874896.294013,-7790.874500
1142262.888222,875088.331836,-7732.478000
1176718.176707,871313.892763,-3804.488800
1176420.186801,871400.151729,-3912.779300
1176122.196681,871486.410701,-3905.533400
1175824.206449,871572.669650,-3844.365700
1175535.524818,871649.821651,-3857.283900
1175252.162378,871721.769659,-3805.024700
1174968.799740,871793.717664,-3844.554200
1174685.437011,871865.665637,-3877.601600
1174390.016868,871973.012554,-3919.410400
1174094.596550,872080.359487,-3960.710000
1173799.176087,872187.706426,-4025.032000
1173503.485322,872285.231428,-4078.586700
1173207.321747,872365.567975,-4082.152300
1172911.158029,872445.904504,-4075.412800
1172326.080714,872632.606276,-4049.586400
1172039.886195,872748.732310,-4055.687700
1171753.691494,872864.858379,-4055.931200
1171467.461919,872979.711661,-4063.248800
1171180.885064,873081.836833,-3991.995100
1170894.308081,873183.962006,-3998.750200
1170607.730871,873286.087214,-4005.659200
1170328.626067,873390.284891,-4009.882100
1170058.488090,873496.969575,-4016.981400
1169788.349963,873603.654279,-4024.335200
1169518.211718,873710.338995,-4045.386700
1169224.062520,873816.882305,-4063.677000
1168924.577418,873923.394200,-4081.878700
1168625.092169,874029.906096,-4097.551800
1168328.789706,874138.880467,-4106.590300
1168046.810690,874258.935837,-4122.719200
1167764.831462,874378.991261,-4167.469200
1167482.852133,874499.046691,-4203.155800
1166959.710940,874756.604577,-4282.736300
1166704.142808,874887.949295,-4304.158200
1166448.574483,875019.294091,-4353.965300
1132175.922821,907378.845556,-3829.490000
1140911.363225,890138.955337,-5858.340000
1148909.447868,862340.514124,-6740.190000
1149833.493458,863527.310312,-7095.060000
1152595.678129,874944.745062,-7225.800000
1148932.929628,878838.876053,-6916.510000
1146235.467349,889209.951630,-4770.430000
1157199.170823,870699.389500,-6990.950000
1153166.911967,854202.911129,-4640.470000
1151692.002944,877991.038091,-6481.540000
1163295.855189,874204.773213,-4519.050000
