1157095.298634,862325.914461,-3210.414100
1157201.525474,862621.266477,-3248.664100
1157393.911165,863199.858933,-3280.403800
1157468.602310,863476.178604,-3309.355700
1157543.293609,863752.498330,-3330.482200
1157617.985033,864028.818007,-3361.657500
1157680.816529,864318.494162,-3398.453400
1157743.648175,864608.170344,-3431.149900
1157806.479965,864897.846522,-3473.716300
1157848.999279,865192.831893,-3526.112300
1157855.971619,865497.108287,-3565.691700
1157862.944096,865801.384743,-3585.630600
1157869.916712,866105.661349,-3607.585700
1157883.140062,866400.292078,-3629.761500
1157898.707519,866691.305664,-3649.436000
1157914.275106,866982.319335,-3670.058100
1157929.122613,867274.081856,-3683.834200
1157936.768142,867573.332313,-3681.550000
1157944.413804,867872.582815,-3699.684600
1157952.059600,868171.833463,-3691.617400
1157961.788518,868479.219900,-3678.753700
1157974.017169,868796.369383,-3671.484400
1157986.245974,869113.518955,-3668.343000
1157998.474928,869430.668582,-3660.403100
1158006.102023,869726.642587,-3658.349900
1158012.706577,870017.910949,-3646.987300
1158019.311255,870309.179359,-3633.789800
1158024.568528,870605.220695,-3608.094200
1158023.762036,870922.739659,-3586.860800
1158022.955689,871240.258781,-3559.576700
1158022.149487,871557.777936,-3554.866700
1158000.686385,872686.058174,-3585.700200
1157962.012613,874489.975206,-3674.117400
1146538.154851,890987.467637,-665.410800
1146248.801922,890887.175851,-690.131800
1145959.448910,890786.883892,-756.376600
1145670.095914,890686.591796,-819.520800
1145386.891701,890591.496825,-852.135400
1145107.201106,890499.371602,-903.853600
1144827.510423,890407.246219,-955.568600
1144547.819755,890315.120710,-1027.915200
1144268.525918,890237.016055,-1083.668700
1143989.232025,890158.911263,-1178.416900
1143709.938109,890080.806344,-1264.377200
1143421.191422,889993.507547,-1316.223300
1143115.902518,889890.119567,-1392.240600
1142810.613589,889786.731421,-1512.086400
1142505.324544,889683.343078,-1587.175200
1142227.625357,889591.550662,-1676.518300
1141960.272325,889504.106640,-1697.260300
1141692.919237,889416.662482,-1792.692400
1141425.259007,889328.863669,-1824.447300
1141154.527649,889237.519481,-1905.493700
1141098.229717,895594.187079,61.678900
1141019.637835,895327.021046,-19.882900
1140941.046071,895059.854966,-117.618000
1140911.065393,894773.074644,-239.249400
1140899.313943,894478.939034,-313.192800
1140887.562620,894184.803491,-407.465400
1141219.368656,891797.396626,-1078.010300
1141195.113046,891495.974485,-1179.404800
1141153.651182,891188.675145,-1207.805700
1141112.189480,890881.375901,-1283.974700
1141062.304246,890579.965370,-1386.325900
1140974.512604,890305.054076,-1543.142100
1140886.721093,890030.142737,-1635.140300
1140798.929745,889755.231462,-1780.572100
1140672.145167,889500.022508,-1828.194200
1140512.866247,889261.232120,-1998.611700
1140353.587468,889022.441685,-2092.894300
1140037.933676,888517.463139,-2286.899200
1139881.849072,888248.535350,-2329.247300
1139725.764587,887979.607435,-2370.013400
1139566.646432,887721.148447,-2402.468000
1139399.438143,887490.606579,-2468.387700
1139232.229959,887260.064618,-2505.504400
1139065.021909,887029.522601,-2557.464400
1138894.477550,886791.430797,-2612.373300
1138722.026823,886549.024839,-2692.693400
1145711.921923,890291.512893,-856.266700
1145530.270427,890038.316350,-893.427400
1145348.619065,889785.119700,-969.449300
1145166.967841,889531.922953,-1052.495200
1144985.316778,889278.726137,-1153.882300
1144803.414135,889040.290913,-1229.580600
1144621.455681,888805.135975,-1304.419700
1144439.497368,888569.980966,-1388.021600
1144260.053971,888334.754253,-1460.067400
1144091.927447,888099.205434,-1537.353400
1142887.720588,886403.820407,-2463.935300
1142711.079116,886184.549575,-2558.114700
1142534.437709,885965.278604,-2661.667000
1142356.557464,885741.673809,-2773.487300
1142175.373410,885506.512203,-2820.138200
1141994.189466,885271.350489,-2823.714400
1141813.005662,885036.188705,-2890.497600
1141636.997386,884800.880205,-2919.411600
1141463.946644,884565.487880,-2934.718500
1141290.895993,884330.095430,-2960.250700
1140375.656245,883117.078578,-2816.269800
1140198.137724,882868.802224,-2741.787100
1140020.619349,882620.525797,-2689.196300
1139843.101067,882372.249225,-2648.471900
1139662.697722,882126.972832,-2619.308600
1139481.212545,881882.821430,-2592.424600
1139299.727486,881638.669919,-2571.139600
1139118.635458,881395.326832,-2547.587200
1138941.472539,881160.068785,-2540.752400
1138764.309761,880924.810678,-2535.838600
1138587.147063,880689.552429,-2534.679700
1138407.587314,880448.446933,-2533.276600
1138225.151022,880200.324672,-2534.745400
1138042.714861,879952.202313,-2545.314200
1137860.278852,879704.079885,-2559.093000
1137668.027727,879462.801340,-2579.412100
1137473.595563,879223.043578,-2604.618900
1137279.163543,878983.285734,-2625.072300
1137087.797225,878741.982851,-2644.159400
1136910.226332,878493.727909,-2650.335700
1136732.655539,878245.472833,-2644.932900
1136555.084915,877997.217719,-2634.351600
1136377.514399,877748.962480,-2628.230200
1137929.824514,875846.487372,-2423.716300
1138105.322278,876098.657381,-2478.610600
1138280.820141,876350.827249,-2522.906500
1138461.094519,876594.676227,-2595.028600
1138644.098355,876833.770327,-2671.556600
1138827.102341,877072.864368,-2723.361600
1139010.106409,877311.958260,-2756.051800
1139185.624705,877546.264869,-2780.038300
1139361.143119,877780.571388,-2791.731900
1139536.661629,878014.877791,-2780.000700
1139718.019295,878246.286277,-2762.711700
1139909.595333,878472.623396,-2754.333000
1140101.171463,878698.960392,-2749.725800
1140292.747745,878925.297330,-2751.516800
1140484.324136,879151.634162,-2754.709500
1140675.900592,879377.970839,-2757.799600
1140867.477158,879604.307410,-2769.521200
1141057.194251,879833.020044,-2786.868400
1141228.315494,880085.494085,-2808.961700
1141399.436851,880337.968007,-2840.470500
1141570.558382,880590.441900,-2877.959700
1141751.329398,880830.802395,-2931.155300
1141943.679810,881056.626907,-2995.413300
1142136.030331,881282.451313,-3055.839400
1142328.380941,881508.275587,-3322.440700
1142509.890539,881751.625084,-3325.572500
1142688.991123,881998.868999,-3289.202400
1142868.091820,882246.112794,-3239.417700
1143048.777531,882491.854856,-3198.716300
1143236.595179,882730.839217,-3190.127000
1143424.412983,882969.823516,-3132.571300
1143612.230869,883208.807661,-3062.597200
1143792.935909,883447.998736,-2983.504400
1146288.170469,886735.864458,-1378.219400
1146442.340550,886996.867532,-1346.254200
1146596.510777,887257.870539,-1311.191500
1146750.681133,887518.873451,-1230.178300
1146916.981026,887768.967734,-1166.120000
1147104.507433,887999.971867,-1132.063200
1147292.033939,888230.975879,-1100.281500
1147479.560602,888461.979838,-1078.885700
1147648.464369,888705.175055,-1046.465300
1147810.384651,888952.941967,-1030.753200
1147972.305075,889200.708817,-994.448200
1149360.259698,887171.993244,-1433.925300
1149155.438482,886965.255902,-1534.648200
1148956.005506,886773.644379,-1541.739700
1148756.572572,886582.032714,-1533.585100
1148557.139758,886390.420980,-1534.486300
1148340.666572,886173.260741,-1544.649000
1148124.193483,885956.100370,-1559.904800
1147907.720516,885738.939889,-1616.872700
1147486.567271,885328.873486,-1874.614300
1147278.742369,885129.499622,-1912.173000
1147070.917503,884930.125594,-1962.743500
1146883.829363,884689.368579,-2063.133100
1146704.517586,884433.092879,-2144.077400
1146525.205940,884176.817071,-2226.934800
1146345.971744,883923.270965,-2336.918000
1146167.510706,883697.022674,-2413.522500
1145989.049801,883470.774318,-2505.319300
1145810.588968,883244.525820,-2565.276400
1145639.727594,883012.142423,-2657.289800
1145477.985494,882772.397095,-2745.748300
1145316.243518,882532.651691,-2817.737800
1145154.501685,882292.906236,-2881.869100
1144981.384719,882028.905917,-2937.845700
1144805.740076,881759.515563,-3006.368700
1144630.095607,881490.125147,-3072.795700
1144455.494617,881226.168566,-3143.441400
1144285.588879,880986.664814,-3212.473100
1144115.683234,880747.160934,-3286.423600
1143945.777750,880507.657022,-3434.407200
1143777.821071,880258.811529,-3468.023700
1143611.488445,880002.181398,-3452.219700
1143445.155976,879745.551213,-3365.410400
1143278.823613,879488.920892,-3431.445600
1143089.442683,879255.721168,-3370.974400
1142897.756995,879024.864398,-3266.967300
1141969.088720,877886.126602,-2872.205600
1141764.793323,877663.198269,-2830.007800
1141548.096199,877442.086057,-2795.794200
1141331.399142,877220.973679,-2773.081100
1141114.702229,876999.861216,-2748.244600
1140914.169030,876774.281657,-2716.981200
1140713.635938,876548.701983,-2647.798600
1140513.102974,876323.122218,-2563.826700
1140309.698569,876100.905131,-2488.492900
1140101.269115,875884.572881,-2411.381100
1139892.839773,875668.240526,-2336.183800
1139684.410482,875451.908003,-2258.109100
1139485.241663,875228.027413,-2194.206300
1139289.545575,875001.316220,-2129.618200
1139093.849586,874774.604904,-2056.044200
1150427.244389,884232.362034,-2119.838600
1150297.168556,883986.678062,-2162.282000
1150154.057255,883741.368140,-2230.624800
1150006.057730,883496.198428,-2277.742900
1149858.058326,883251.028640,-2324.337200
1149706.655202,883006.047420,-2383.209700
1149521.213683,882762.952373,-2437.333300
1149335.772316,882519.857255,-2496.333000
1149150.331037,882276.761982,-2560.321500
1148974.496750,882032.938626,-2613.803200
1148810.190764,881788.241517,-2661.163600
1148645.884906,881543.544328,-2713.866900
1148481.579195,881298.847086,-2756.145500
1148285.280184,881055.068640,-2763.895300
1148081.871651,880811.494276,-2830.447000
1147878.463267,880567.919819,-2831.526600
1147679.859221,880326.575915,-2859.735600
1147502.874428,880095.270177,-2873.414300
1147325.889718,879863.964305,-2908.750700
1147148.905163,879632.658392,-2945.985600
1146959.832074,879383.126374,-2995.234600
1146760.685269,879118.405925,-3040.250700
1146561.538636,878853.685387,-3098.383100
1146362.392110,878588.964674,-3152.210400
1146175.907465,878378.517301,-3220.566400
1145990.689080,878173.497162,-3296.049600
1145805.470742,877968.476880,-3379.374500
1145621.245772,877751.683363,-3463.705800
1145439.669586,877503.494634,-3532.819600
1145258.093522,877255.305792,-3586.716600
1145076.517609,877007.116881,-3669.055200
1144895.410589,876775.488829,-3688.025100
1144714.571578,876553.324136,-3706.409900
1144533.732642,876331.159311,-3718.324500
1144352.893850,876108.994438,-3728.437500
1144184.004848,875877.475818,-3716.707800
1144015.115960,875645.957113,-3730.465100
1143846.227204,875414.438349,-3742.041500
1143249.928929,874753.246156,-2819.233200
1143043.119050,874535.842760,-2732.659700
1142806.647104,874359.361307,-2642.382300
1142559.051877,874198.225468,-2545.462900
1142311.456667,874037.089473,-2446.293000
1142063.503430,873876.419643,-2351.202100
1141811.969573,873720.412755,-2254.506600
1141560.435771,873564.405739,-2162.833300
1141308.901940,873408.398539,-2077.223900
1141068.225642,873230.683958,-1979.837500
1170305.175558,898215.709294,-1846.528600
1170030.459197,898081.043037,-1847.598300
1169755.742791,897946.376592,-1846.911700
1169481.026438,897811.710006,-1833.573700
1169201.879126,897711.021211,-1837.749000
1168920.199837,897629.748267,-1851.882000
1168638.520445,897548.475165,-1859.689600
1168356.841057,897467.201936,-1869.497400
1168073.475342,897325.890206,-1877.240800
1167790.109624,897184.578296,-1876.298600
1167506.743934,897043.266219,-1871.305500
1167243.074376,896886.108750,-1859.354000
1167013.873177,896701.222044,-1859.434700
1166784.672059,896516.335211,-1855.090700
1166555.470955,896331.448195,-1846.808200
1166347.717928,896129.939110,-1840.214400
1166148.007981,895922.196672,-1834.796100
1165948.298114,895714.454106,-1827.571500
1165740.199614,895513.958520,-1816.572600
1165448.213818,895385.933715,-1815.441900
1165156.228040,895257.908745,-1813.306600
1164864.242178,895129.883566,-1799.336300
1164582.140491,894997.943208,-1791.476600
1164311.899723,894861.304637,-1766.679200
1164041.658955,894724.665902,-1731.910400
1163771.418216,894588.027016,-1704.929200
1163492.746098,894507.357926,-1711.444700
1163212.200285,894439.126474,-1706.630000
1162931.654437,894370.894898,-1709.270600
1162651.304908,894288.637137,-1665.378900
1162371.839348,894143.262065,-1669.381800
1162092.373744,893997.886790,-1692.114700
1161812.908203,893852.511368,-1729.074700
1161548.213893,893711.095168,-1761.437600
1161295.828971,893572.978324,-1787.986500
1161043.444085,893434.861349,-1816.807900
1160791.059154,893296.744197,-1820.404400
1160579.716809,893091.006172,-1806.524700
1160372.478804,892878.505952,-1812.125200
1160165.240851,892666.005562,-1820.736000
1159970.830259,892443.583557,-1837.907500
1159810.625739,892194.704062,-1848.998300
1159650.421347,891945.824478,-1868.215700
1159490.217108,891696.944844,-1893.357300
1159314.179653,891456.800796,-1933.679900
1159129.094725,891221.648506,-1945.123500
1158944.009888,890986.496076,-1943.640600
1158758.925212,890751.343593,-1960.825000
1158511.739996,890568.032360,-2008.823400
1151341.430017,882238.433277,-2382.772000
1151220.170239,881987.486656,-2432.863000
1151048.666012,881746.989875,-2500.848400
1150877.161911,881506.493005,-2555.831800
1150705.657954,881265.996074,-2598.510000
1150541.377772,881019.102560,-2646.727800
1150389.739167,880761.015175,-2678.891400
1150238.100718,880502.927744,-2729.743400
1150086.462376,880244.840192,-2775.550300
1149928.893745,879986.924324,-2805.802200
1149769.101336,879729.072773,-2825.161100
1149609.309061,879471.221133,-2838.109100
1149449.947271,879212.902169,-2849.097200
1149294.889017,878949.910562,-2848.043200
1149139.830932,878686.918920,-2862.361600
1148984.772959,878423.927153,-2881.160900
1148825.755099,878165.147533,-2931.951900
1148661.985280,877911.422399,-3006.126500
1148498.215599,877657.697188,-3081.740200
1148334.446073,877403.971923,-3151.445300
1148160.005098,877150.555014,-3225.602300
1147983.192800,876897.206560,-3303.294400
1147806.380659,876643.858041,-3380.426000
1147632.723712,876392.058704,-3419.025400
1147473.264816,876147.231258,-3492.851100
1147313.806019,875902.403694,-3576.486800
1147154.347384,875657.576109,-3652.293700
1147008.695199,875398.150278,-3659.931900
1146874.548442,875126.559276,-3692.251500
1146740.401851,874854.968256,-3734.181400
1146606.255385,874583.377131,-3767.520300
1146460.356207,874315.767459,-3800.496300
1146313.281890,874048.555871,-3837.140100
1146166.207690,873781.344164,-3878.397500
1146014.274441,873515.365331,-3932.778600
1145849.383411,873252.674136,-3969.964400
1145684.492519,872989.982846,-4023.175800
1145519.601790,872727.291505,-4085.932400
1145355.478858,872473.503477,-4120.532700
1146881.562461,870926.558175,-4088.193800
1147076.254520,871161.357828,-4038.129600
1147284.115694,871379.395037,-4009.588600
1147494.903440,871593.707194,-3976.229700
1147705.691256,871808.019203,-3956.143800
1147913.974772,872022.950096,-3936.268800
1148110.988424,872240.666220,-3918.923300
1148308.002210,872458.382270,-3904.475100
1148505.016051,872676.098160,-3880.776600
1148713.974667,872891.836574,-3876.063000
1148932.887255,873105.927037,-3836.202900
1149151.799911,873320.017341,-3840.865000
1149370.712706,873534.107558,-3790.197000
1149539.802983,873768.746393,-3725.320800
1149703.911125,874005.440023,-3655.304000
1149868.019424,874242.133623,-3598.543200
1150025.573134,874490.760864,-3539.958000
1150165.647843,874771.211394,-3473.367200
1150305.722722,875051.661888,-3416.364700
1150445.797750,875332.112299,-3357.550300
1150571.471866,875598.952974,-3296.800800
1150688.916911,875858.016595,-3253.990200
1150806.362114,876117.080224,-3224.924100
1150923.807428,876376.143766,-3208.778300
1151041.131299,876631.206381,-3195.008300
1151158.455305,876886.268962,-3179.355000
1151275.779431,877141.331484,-3164.698200
1151410.169941,877402.464348,-3144.545700
1151574.426502,877674.220230,-3094.665500
1151738.683208,877945.976011,-3029.773200
1151902.940106,878217.731772,-2950.539600
1152064.177487,878466.994897,-2862.866000
1152224.282627,878707.823255,-2809.955800
1152384.387902,878948.651550,-2802.171600
1152542.211130,879192.640800,-2796.945800
1152677.212816,879468.240374,-2760.415500
1152812.214643,879743.839866,-2704.903300
1152947.216657,880019.439371,-2645.031000
1153093.431854,880285.615794,-2603.520000
1153253.102873,880540.484609,-2554.764200
1153412.774031,880795.353348,-2539.753200
1153572.445311,881050.221985,-2462.266800
1159022.848459,888152.727016,-2378.814700
1159189.023886,888395.926578,-2337.522900
1159355.199423,888639.126031,-2316.181400
1159521.375092,888882.325401,-2232.145300
1159687.550961,889125.524792,-2168.189200
1159853.726888,889368.723996,-2133.810100
1160036.165623,889604.410302,-2089.116900
1160238.119706,889831.081146,-2069.706500
1160440.073900,890057.751871,-2035.500200
1160642.028183,890284.422449,-2033.911300
1160857.477298,890493.507924,-2026.298600
1161075.925325,890698.685484,-2010.500400
1161294.373414,890903.862887,-1992.478300
1161520.964520,891093.150869,-1964.917500
1161784.198639,891210.936734,-1933.845700
1162047.432791,891328.722474,-1922.258700
1162310.666870,891446.508040,-1922.320100
1162578.643422,891559.248082,-1911.394500
1162850.571997,891667.783485,-1912.628200
1163122.500515,891776.318725,-1931.245100
1163394.429064,891884.853839,-1924.500000
1163625.417963,892065.568957,-1939.176300
1163852.312971,892253.501945,-1955.502900
1164079.208096,892441.434834,-1973.267200
1164304.990313,892637.322285,-1978.119800
1164527.804785,892854.422215,-1970.966200
1170228.153614,897709.584241,-1729.545200
1170104.547996,897428.369227,-1776.916600
1169980.942529,897147.154140,-1887.119300
1169857.337254,896865.939077,-1929.887600
1169723.762680,896597.247965,-1943.054700
1169584.491440,896335.713409,-1948.574700
1169445.220327,896074.178757,-1960.143600
1169305.949393,895812.644107,-1964.172500
1169165.464096,895537.123718,-1968.769200
1169024.978965,895261.603274,-1982.951400
1168884.494013,894986.082808,-1996.690300
1168741.524606,894717.188561,-2007.580000
1168594.207308,894459.890310,-2022.601400
1168446.890167,894202.592018,-2026.456400
1168299.573139,893945.293606,-2023.136800
1168133.303217,893688.527504,-2033.141600
1167959.926041,893431.960938,-2040.667200
1167786.549004,893175.394267,-2071.223600
1167611.616881,892918.871418,-2086.194800
1167421.132552,892662.787545,-2110.494600
1167230.648393,892406.703593,-2133.140100
1167040.164338,892150.619474,-2143.466300
1166870.666830,891890.307407,-2154.837600
1166726.353086,891624.921764,-2149.637900
1166582.039493,891359.536062,-2130.608900
1166437.726069,891094.150331,-2114.494100
1166121.159315,890624.262193,-2106.450200
1165961.479121,890392.362214,-2136.032500
1165809.214500,890150.238891,-2114.399200
1165690.319725,889862.111041,-2111.718000
1165571.425101,889573.983115,-2114.739000
1165452.530675,889285.855223,-2127.573000
1165313.217537,889014.690926,-2128.043200
1165156.888829,888757.662945,-2143.525900
1165000.560282,888500.634918,-2146.873000
1164844.231844,888243.606763,-2158.584500
1164669.082995,888002.589172,-2167.078600
1164492.052215,887763.172542,-2188.853000
1164315.021523,887523.755764,-2206.009300
1164133.263186,887282.287685,-2209.518300
1163938.897507,887035.349509,-2164.939200
1163744.531953,886788.411204,-2133.925800
1163550.166554,886541.472812,-2113.706500
1163385.240940,886290.522537,-2083.732900
1163237.138160,886037.279799,-2092.905000
1163089.035495,885784.036956,-2149.403100
1162940.933002,885530.794103,-2159.717000
1162755.139674,885299.648138,-2214.915300
1162569.346463,885068.502069,-2289.854500
1162383.553387,884837.355921,-2359.018300
1162198.196176,884611.297983,-2417.545900
1159813.655224,881521.995487,-1775.989600
1159349.968255,881149.475384,-1863.543600
1159118.124886,880963.215138,-1914.071800
1158881.833617,880776.991372,-1960.608900
1158625.526783,880590.932430,-2042.879200
1158369.219958,880404.873287,-2136.891800
1158112.913243,880218.814015,-2240.332500
1157890.761267,880030.153228,-2334.609400
1157697.071620,879839.324551,-2524.208000
1157503.382067,879648.495787,-2661.456300
1157108.332651,879257.954427,-2876.684600
1156906.205786,879057.353516,-2918.958300
1156704.078960,878856.752446,-2932.629200
1156495.070981,878656.621049,-2958.263400
1156267.713033,878457.742206,-2987.040300
1156040.355150,878258.863211,-2997.296900
1155812.997365,878059.984096,-3019.482900
1155563.868495,877880.210794,-3042.577600
1155302.299048,877711.355059,-3058.937300
1155040.729592,877542.499130,-3079.763200
1154779.160226,877373.643070,-3070.004900
1154615.020259,877133.919812,-3104.358600
1154450.880417,876894.196473,-3137.866900
1154286.740715,876654.473078,-3201.495100
1154114.465473,876410.247465,-3260.330300
1153927.953000,876158.143084,-3323.909200
1153741.440677,875906.038619,-3381.052700
1153554.928450,875653.933994,-3382.043700
1153378.156078,875411.024985,-3384.432100
1153205.036211,875171.564264,-3377.310800
1153031.916459,874932.103438,-3379.215600
1152858.192596,874692.296082,-3380.292500
1152678.426494,874449.024167,-3395.309300
1152498.660544,874205.752186,-3431.806900
1152318.894680,873962.480055,-3517.321500
1152139.128981,873719.207879,-3558.939000
1151959.363409,873475.935606,-3594.558300
1151779.597964,873232.663235,-3653.235400
1151599.832567,872989.390663,-3709.035200
1151422.053757,872746.066758,-3754.882800
1151244.716450,872502.731291,-3801.888700
1151067.379286,872259.395756,-3837.458500
1150894.538723,872012.654660,-3870.642300
1150741.932585,871750.589119,-3903.048300
1150589.326566,871488.523465,-3912.131100
1150436.720723,871226.457799,-3903.905000
1150282.027933,870969.370158,-3881.333500
1150125.596048,870716.430881,-3845.492400
1149969.164317,870463.491557,-3820.299600
1150274.875732,866598.178658,-3837.305700
1150318.292237,866919.444257,-3861.091100
1150443.251081,867167.911158,-3868.700400
1150636.161817,867355.712332,-3875.567100
1150829.072601,867543.513381,-3875.924600
1151021.983496,867731.314366,-3889.737300
1151252.030737,868000.008457,-3897.733600
1151485.791761,868276.791705,-3931.335900
1151719.552996,868553.574853,-3936.123800
1151940.372818,868821.167541,-3943.185100
1152126.682020,869064.252766,-3947.221400
1152312.991355,869307.337899,-3942.829800
1152499.300797,869550.422902,-3921.660200
1152682.721283,869783.395124,-3908.218300
1152864.490941,870010.588524,-3892.229200
1153046.260737,870237.781862,-3890.319100
1153228.030603,870464.975053,-3884.760300
1153401.056294,870700.433550,-3892.419200
1153574.082101,870935.891956,-3881.773700
1153747.108008,871171.350247,-3853.639900
1153935.751898,871414.014890,-3802.270000
1154367.702480,871924.566181,-3773.313500
1154583.678015,872179.841663,-3757.535400
1154756.063557,872424.703273,-3746.257100
1154912.102940,872665.659668,-3727.522200
1155068.142456,872906.616002,-3735.031500
1155227.689508,873145.834189,-3703.153100
1155422.310829,873367.671604,-3702.151600
1155616.932229,873589.508879,-3685.731900
1155811.553776,873811.346091,-3662.428200
1156002.229790,874051.052308,-3642.319100
1156188.171250,874312.201443,-3637.414300
1156374.112856,874573.350473,-3610.128400
1156560.054588,874834.499369,-3626.127700
1156732.448840,875088.660203,-3574.577600
1156901.832640,875341.268061,-3542.625200
1157071.216560,875593.875805,-3520.753700
1157239.770737,875843.411908,-3482.202600
1157404.590421,876079.125700,-3375.258800
1157569.410254,876314.839452,-3294.990500
1157734.230171,876550.553069,-3215.445100
1157898.724140,876790.648337,-3145.151400
1158062.946498,877034.394944,-3054.601300
1158227.168966,877278.141444,-2955.171900
1158391.391598,877521.887915,-2857.035900
1158557.142445,877793.820585,-2785.364000
1158723.046265,878068.571805,-2728.876700
1158888.950283,878343.323002,-2667.271200
1159054.328762,878607.436803,-2607.231700
1159218.305580,878843.184472,-2528.757600
1159382.282527,879078.932072,-2445.750700
1159546.259576,879314.679565,-2366.541500
1162487.214380,877671.621764,-2343.059300
1162301.401481,877441.481385,-2361.284200
1162115.588696,877211.340902,-2408.066400
1161929.776043,876981.200339,-2467.196800
1161745.649766,876740.364663,-2526.438500
1161561.898345,876497.152220,-2591.318800
1161378.147070,876253.939701,-2669.950200
1161194.395924,876010.727078,-2730.110100
1161010.644824,875767.514246,-2783.583700
1160826.893932,875524.301417,-2840.116000
1160643.143167,875281.088485,-2908.326200
1160460.639438,875035.112367,-2983.070100
1160279.174946,874786.833602,-3052.226300
1160097.710606,874538.554761,-3119.611600
1159916.246359,874290.275768,-3203.416700
1159726.882748,874051.328950,-3356.835900
1159536.729304,873813.315244,-3414.501700
1159346.575941,873575.301378,-3436.927200
1159156.381106,873335.924150,-3445.935500
1158966.075400,873092.911374,-3459.518300
1158775.769811,872849.898475,-3490.374800
1158585.464368,872606.885492,-3515.169900
1158405.948754,872360.383455,-3531.132100
1158232.598852,872111.887688,-3543.705300
1158059.249055,871863.391789,-3562.946300
1157885.899427,871614.895852,-3572.194300
1157523.678206,871146.394841,-3580.597900
1157159.490527,870671.395046,-3630.896500
1156972.971255,870419.273586,-3651.111300
1156786.452134,870167.152041,-3680.935800
1156599.933108,869915.030334,-3714.082500
1156404.723903,869670.442385,-3747.425000
1156206.255943,869428.679503,-3772.243900
1156007.788096,869186.916490,-3785.176500
1155811.189127,868945.738177,-3782.004200
1155633.277781,868710.407895,-3767.954800
1155455.366575,868475.077546,-3756.270000
1155277.455448,868239.747051,-3750.020500
1155090.061134,867996.948314,-3747.026900
1154891.286917,867745.187604,-3741.490200
1153792.095905,866316.117760,-3655.166700
1153589.851006,866086.499162,-3605.286400
1153387.606181,865856.880401,-3590.297900
1153185.361508,865627.261569,-3581.308800
1152964.262428,865407.469384,-3582.118200
1152727.451361,865195.866044,-3585.284900
1152490.640402,864984.262573,-3604.804400
1164919.358935,875769.796529,-2143.510000
1164739.597542,875538.378754,-2168.072000
1164558.902852,875316.093791,-2235.732200
1164378.208239,875093.808693,-2219.240700
1164197.513771,874871.523543,-2308.467500
1163990.741851,874649.975254,-2344.553000
1163783.970032,874428.426839,-2328.073500
1163577.198337,874206.878322,-2374.234900
1163368.849331,873982.098205,-2440.023700
1163157.740018,873751.662943,-2518.283900
1162735.521712,873290.792011,-2671.149700
1162525.180832,873066.894694,-2778.374800
1162315.128089,872845.449121,-2802.488800
1162105.075436,872624.003407,-2860.905000
1161896.829816,872400.959322,-2911.825900
1161706.653581,872161.932639,-2965.097700
1161516.477493,871922.905877,-3021.516400
1161326.301486,871683.878954,-3086.522900
1161130.362128,871450.934966,-3154.016400
1160927.506644,871225.290427,-3246.062700
1160724.651265,870999.645765,-3286.779300
1160521.796016,870774.001006,-3330.702600
1160323.231495,870558.892441,-3389.710700
1160125.620545,870346.125170,-3438.655500
1159928.009710,870133.357808,-3493.381600
1159728.675053,869917.362072,-3571.548600
1159521.583064,869686.839244,-3604.197000
1159314.491147,869456.316250,-3564.998500
1159107.399387,869225.793178,-3581.222400
1158912.377756,868997.663408,-3593.163300
1158727.414603,868771.528075,-3616.022000
1158542.451577,868545.392665,-3639.431900
1158357.488620,868319.257100,-3668.971200
1158155.988939,868085.398768,-3690.542200
1157952.835687,867850.768043,-3671.677700
1157749.682505,867616.137144,-3674.780000
1157544.373575,867384.027055,-3665.060100
1157333.315694,867158.639225,-3661.424800
1157122.257906,866933.251252,-3658.726600
1154903.011028,864385.618438,-3417.814200
1154695.993845,864160.131135,-3404.098600
1154473.910767,863947.458744,-3403.042000
1154246.178013,863739.591838,-3403.547900
1154018.445328,863531.724777,-3428.484100
1153792.868792,863322.795271,-3482.337600
1165967.259852,873134.912130,-2680.703600
1165758.686694,872906.888512,-2698.330300
1165550.113644,872678.864763,-2754.857200
1165342.117535,872450.324682,-2780.440400
1165139.890015,872216.622634,-2804.885500
1164937.662638,871982.920492,-2829.741500
1164735.435332,871749.218175,-2862.419900
1164535.322692,871525.019210,-2872.585900
1164337.747540,871312.224210,-2898.474900
1164140.172481,871099.429094,-2921.333300
1163942.597537,870886.633886,-2953.932400
1163730.808649,870666.867074,-2992.269000
1163515.861189,870445.550915,-3040.359900
1163300.913852,870224.234645,-3102.018100
1163085.943960,870002.191532,-3152.300300
1162870.872434,869776.878305,-3185.926800
1162655.800973,869551.564902,-3221.622800
1162440.729662,869326.251413,-3260.280300
1162227.873981,869100.878695,-3293.656000
1162016.864695,868875.456622,-3309.451900
1161805.855536,868650.034441,-3311.210200
1161594.846436,868424.612081,-3329.073200
1161391.567231,868210.813730,-3337.429700
1160786.612718,867569.283315,-3406.540000
1160593.507012,867343.366914,-3444.443100
1160400.401402,867117.450389,-3494.652100
1160207.295920,866891.533776,-3544.189500
1160005.440532,866668.416531,-3595.835000
1159798.585280,866446.898911,-3592.418200
1159591.730094,866225.381129,-3637.910400
1159384.875052,866003.863269,-3637.140400
1159195.262050,865786.871589,-3607.689200
1159005.649145,865569.879802,-3562.936000
1158816.036359,865352.887931,-3519.566900
1158618.960536,865134.287631,-3481.191400
1158408.824383,864912.872709,-3444.041300
1158198.688346,864691.457677,-3412.867700
1157988.552363,864470.042467,-3382.306400
1157798.533212,864226.210026,-3359.209000
1157616.057952,863973.971054,-3346.363000
1157433.582816,863721.731966,-3333.144800
1157061.175894,863237.136377,-3345.171900
1156871.865528,863003.122986,-3298.492900
1156682.555236,862769.109437,-3261.224400
1156493.972064,862534.850816,-3214.391400
1156306.261343,862300.298047,-3167.611800
1156118.550737,862065.745171,-3120.221400
1155930.840266,861831.192213,-3077.593000
1170469.143830,874105.084375,-2370.957000
1170085.150137,873636.031304,-2414.236100
1169887.059034,873409.420648,-2441.943400
1169688.358594,873183.601470,-2464.658900
1169489.658217,872957.782124,-2484.524900
1169290.058598,872731.716078,-2498.423100
1168684.065333,872051.544260,-2406.755100
1168479.501640,871844.653166,-2439.842800
1168273.471690,871649.095186,-2488.631100
1168067.441781,871453.537052,-2452.386200
1167861.411992,871257.978838,-2500.259500
1167317.969474,870630.171670,-2644.275400
1167112.789061,870441.607854,-2720.280800
1166865.550813,870289.278458,-2787.789600
1166618.312605,870136.948926,-2909.293900
1166371.074363,869984.619213,-2954.374500
1166132.371734,869798.549286,-3024.491900
1165896.870000,869599.826675,-3083.434100
1165661.368323,869401.103901,-3131.986100
1165428.552586,869203.034694,-3112.229700
1165222.595555,869011.502506,-3115.234100
1165016.638621,868819.970222,-3128.413100
1164810.681713,868628.437775,-3138.089100
1164611.833920,868413.035071,-3143.794200
1164421.517016,868168.988013,-3163.704100
1164231.200239,867924.940846,-3185.493700
1164040.883608,867680.893591,-3204.957000
1163843.845502,867459.164231,-3228.837600
1163645.313810,867242.394318,-3252.818800
1163446.782238,867025.624312,-3281.682400
1163249.954975,866806.257760,-3302.628400
1163060.796965,866575.207373,-3322.496800
1162871.639034,866344.156836,-3351.019000
1162682.481257,866113.106240,-3357.941200
1162482.604385,865880.720843,-3319.772700
1162273.794972,865647.223096,-3343.249300
1162064.985694,865413.725246,-3370.730700
1161856.176483,865180.227214,-3411.009300
1160012.763484,863158.488659,-3283.249300
1159829.630337,862911.262005,-3248.231900
1159646.497358,862664.035302,-3225.821300
1159485.215648,862411.188233,-3194.168500
1159323.934074,862158.341085,-3155.251500
1159162.652652,861905.493884,-3114.142300
1158990.402568,861652.957750,-3085.379400
1158798.957274,861400.966096,-3059.337900
1158607.512128,861148.974350,-3026.625200
1158416.067075,860896.982436,-2986.474900
1158227.824115,860653.644251,-2930.162400
1158040.782003,860413.551133,-2872.801500
1157853.740001,860173.457895,-2785.551800
1157667.864580,859932.694618,-2734.780500
1157493.653844,859685.231859,-2691.163100
1157319.443258,859437.769037,-2642.542200
1157145.232763,859190.306070,-2600.774700
1156965.718095,858952.100106,-2547.303000
1175812.178060,882381.392617,-2034.366800
1175701.429532,882099.804293,-2043.969000
1175590.681151,881818.215907,-2039.103500
1175479.932956,881536.627556,-2015.275400
1175361.732185,881261.117202,-2030.093000
1175239.272880,880989.080013,-2036.890000
1175116.813712,880717.042743,-2041.851800
1174994.354725,880445.005493,-2043.735100
1174914.156603,880168.793875,-2045.667800
1174569.844831,879057.772346,-2096.439200
1174472.398900,878777.032328,-2097.385700
1174374.953106,878496.292240,-2121.932400
1174277.583367,878218.464741,-2144.405800
1173982.579350,877390.344777,-2176.522900
1173852.446771,877136.555394,-2203.270800
1173722.314345,876882.765994,-2207.577400
1173592.182029,876628.976491,-2230.182400
1173457.695318,876365.293431,-2255.849100
1173317.983277,876089.738015,-2297.453900
1173178.271397,875814.182543,-2323.923800
1173038.559694,875538.627046,-2347.572000
1172912.283966,875266.797552,-2376.513900
1172788.994133,874995.796039,-2379.562000
1172665.704467,874724.794516,-2401.903100
1172540.211960,874454.582959,-2430.263200
1172404.806247,874187.926622,-2450.075900
1172269.400662,873921.270187,-2458.614700
1172133.995257,873654.613757,-2476.264400
1172012.667857,873382.650247,-2492.463400
1171903.072169,873106.264208,-2537.194300
1171793.476648,872829.878175,-2562.060100
1171683.881259,872553.492060,-2593.161900
1171558.422365,872266.623036,-2586.088600
1171431.377273,871978.705680,-2606.871100
1171304.332327,871690.788222,-2632.324500
1171170.364946,871409.892965,-2660.193400
1171017.937382,871147.723501,-2698.331800
1170865.509958,870885.553951,-2738.721900
1170713.082698,870623.384357,-2738.541300
1170536.756917,870397.574459,-2753.787600
1170346.774884,870192.541522,-2775.665500
1170156.792907,869987.508443,-2792.155500
1169966.811059,869782.475300,-2805.033400
1169727.729283,869629.895807,-2821.606700
1169488.647530,869477.316173,-2853.927200
1169249.565826,869324.736415,-2879.168700
1169019.656768,869160.976958,-2925.854500
1168805.799915,868977.653189,-2982.661400
1168591.943140,868794.329308,-3027.255900
1168378.086380,868611.005261,-3037.382100
1168203.215490,868379.978089,-3084.024200
1168042.964383,868131.062200,-3133.264200
1167882.713402,867882.146215,-3176.789800
1167718.297709,867638.081562,-3226.089800
1167512.233626,867442.530868,-3302.581800
1167306.169642,867246.980078,-3313.962600
1167100.105689,867051.429123,-3331.345500
1166878.303227,866849.947757,-3365.817600
1166637.614470,866641.349821,-3345.810800
1166396.925791,866432.751723,-3348.826700
1166156.237217,866224.153488,-3335.690700
1165922.526763,866026.837962,-3319.771000
1165690.367060,865832.029596,-3301.786900
1165458.207449,865637.221104,-3291.675500
1165234.373565,865432.710940,-3287.126200
1165048.005470,865184.543977,-3274.066900
1164861.637474,864936.376863,-3258.164300
1164675.269650,864688.209695,-3240.309300
1164503.180635,864441.829311,-3229.395000
1164342.990664,864196.937940,-3220.066400
1164182.800837,863952.046516,-3213.232900
1164022.611103,863707.154958,-3217.362500
1163835.001750,863463.036707,-3225.607700
1163644.650548,863218.995677,-3219.700900
1163454.299431,862974.954483,-3222.900100
1163258.335462,862737.081628,-3235.809100
1163047.403580,862515.657743,-3249.195600
1162836.471786,862294.233716,-3262.039100
1162625.540114,862072.809581,-3175.653800
1162401.118352,861870.251747,-3101.733400
1162168.988023,861678.474631,-3046.448500
1161936.857720,861486.697339,-2987.723100
1161704.727530,861294.919942,-2935.370800
1161507.405035,861094.156498,-2893.052500
1161310.082618,860893.392940,-2863.586200
1161112.760304,860692.629291,-2845.232900
1160903.916138,860483.087207,-2832.906500
1160674.908746,860258.182981,-2825.247800
1160445.901472,860033.278623,-2833.974400
1160216.894245,859808.374066,-2836.215100
1191891.657357,889895.824917,-2163.728000
1191665.195809,889717.689670,-2111.539300
1191438.734306,889539.554271,-2099.872300
1191212.272881,889361.418749,-2084.583000
1190969.242107,889184.375518,-2067.521700
1190716.743194,889007.956408,-2034.564300
1190464.244285,888831.537101,-2043.971700
1190211.745474,888655.117662,-2068.168000
1189959.917246,888503.727084,-2076.246800
1189708.089037,888352.336348,-2092.134800
1189456.260873,888200.945472,-2095.595000
1189201.379054,888046.362840,-2067.318800
1188941.153401,887886.194789,-2058.301000
1188680.927792,887726.026582,-2053.524200
1188420.702150,887565.858171,-2030.904200
1188226.624004,887332.506234,-2055.793900
1188057.351273,887071.710434,-2058.287600
1187888.078685,886810.914528,-2061.640100
1187722.274583,886549.659963,-2065.381300
1187591.153944,886283.819595,-2072.630600
1187460.033476,886017.979214,-2086.258800
1187328.913132,885752.138725,-2088.397500
1187182.762201,885492.173115,-2096.273400
1187018.574479,885239.257242,-2059.696000
1186854.386898,884986.341285,-2053.182100
1186690.199478,884733.425269,-2054.051000
1186497.756680,884496.035110,-2038.786700
1186299.035000,884262.095047,-2032.549600
1186100.313463,884028.154888,-2014.142700
1185912.372573,883787.546892,-2039.508500
1185772.944389,883516.934328,-2041.776600
1185633.516338,883246.321660,-2057.646000
1185494.088476,882975.708993,-2035.946500
1185318.193698,882737.235773,-2060.503400
1185111.909814,882525.545385,-2076.644500
1184905.626047,882313.854893,-2035.150500
1184462.551838,881913.167153,-2103.760300
1184222.710720,881726.439290,-2074.920200
1183982.869609,881539.711229,-2084.655500
1183769.297719,881338.333441,-2110.829600
1183625.776920,881097.889959,-2093.676800
1183482.256241,880857.446400,-2092.706500
1183338.735704,880617.002801,-2091.651400
1183197.655190,880352.274471,-2089.748800
1183057.969090,880073.669180,-2089.407000
1182918.283137,879795.063787,-2103.165300
1182778.597379,879516.458399,-2110.228800
1182652.401313,879254.511548,-2113.868200
1182526.205395,878992.564654,-2110.968800
1182400.009637,878730.617744,-2124.269500
1182246.023405,878482.182490,-2151.227800
1182043.403747,878257.392687,-2127.706100
1181840.784213,878032.602777,-2130.424600
1181638.164743,877807.812692,-2120.214100
1181450.578843,877569.501593,-2141.519500
1181268.630606,877326.120040,-2146.094200
1180901.370872,876843.728986,-2130.315700
1180682.423059,876648.443347,-2135.458000
1180463.475346,876453.157595,-2142.534200
1180244.527658,876257.871664,-2146.984100
1180020.284703,876072.294728,-2153.685800
1179789.687313,875898.368540,-2170.414100
1179559.089971,875724.442209,-2181.609600
1179328.492702,875550.515753,-2189.089600
1179117.509050,875338.358820,-2206.990000
1178910.884074,875117.706129,-2242.679000
1178704.259222,874897.053332,-2248.985600
1178507.528170,874669.754691,-2257.219000
1178355.319084,874412.550445,-2269.929000
1178203.110115,874155.346083,-2289.506800
1178050.901321,873898.141703,-2284.751500
1177882.774236,873660.499264,-2300.918200
1177701.381916,873439.158429,-2364.397700
1177519.989721,873217.817515,-2391.037800
1177338.597593,872996.476451,-2426.000200
1177096.254936,872795.945429,-2457.646500
1176847.817288,872597.495249,-2486.910400
1176599.379652,872399.044858,-2524.313500
1176346.658362,872214.645789,-2582.845700
1176082.513737,872067.717103,-2527.658900
1175818.369105,871920.788246,-2515.057900
1175554.224509,871773.859243,-2521.888400
1175300.301336,871621.553596,-2526.908200
1175052.219045,871466.175553,-2545.487300
1174804.136736,871310.797333,-2556.741700
1174287.363638,871021.652908,-2610.061000
1174018.672764,870887.886660,-2631.297600
1173749.981912,870754.120266,-2640.721400
1173481.624503,870621.804592,-2656.138700
1173213.850703,870492.027840,-2691.036100
1172946.076914,870362.250941,-2711.652100
1172678.303055,870232.473856,-2714.912600
1172412.812141,870099.726207,-2724.932100
1172148.177314,869965.864491,-2746.703600
1171883.542468,869832.002611,-2773.614500
1171615.727791,869706.424463,-2791.980000
1171316.114731,869663.685025,-2818.566200
1171016.501608,869620.945466,-2832.147500
1170716.888315,869578.205772,-2857.520800
1169850.092881,869522.870793,-3053.169400
1169563.534566,869509.824482,-3073.372100
1169369.317809,869315.568162,-3118.116000
1169195.621535,869081.042866,-3168.553700
1169021.925396,868846.517502,-3215.286100
1168880.007953,868603.275187,-3228.154500
1168881.094378,868320.807251,-3237.439700
1168882.180917,868038.339345,-3234.751200
1168883.267573,867755.871582,-3199.040300
1168884.019315,867461.394673,-3193.652300
1168884.491996,867156.910191,-3172.299600
1168884.964812,866852.425836,-3156.592800
1168885.437764,866547.941507,-3153.238300
1168811.960783,866250.073962,-3161.804700
1168731.088968,865952.868092,-3181.539800
1168650.217302,865655.662170,-3186.535200
1168559.120027,865366.663499,-3192.857900
1168440.754133,865099.550657,-3190.189500
1168322.388378,864832.437764,-3138.149200
1168204.022783,864565.324865,-3101.317100
1168066.927876,864315.307583,-3113.378700
1167919.130573,864075.059236,-3145.646200
1167771.333368,863834.810781,-3132.749500
1167623.536319,863594.562311,-3148.794200
1167395.921122,863387.597051,-3148.434800
1167168.306005,863180.631645,-3159.738000
1166940.690992,862973.666115,-3161.859600
1166708.411849,862769.747060,-3168.539100
1166467.970477,862571.159498,-3174.829800
1166227.529191,862372.571794,-3183.549300
1165987.087921,862173.983890,-3202.271200
1165789.191192,861948.715021,-3222.449500
1165607.248733,861713.440729,-3219.051300
1165425.306381,861478.166322,-3252.148200
1165241.809856,861243.026858,-3267.159400
1165042.770514,861009.237699,-3259.646200
1164843.731309,860775.448449,-3186.700900
1164644.692175,860541.659027,-3122.502900
1164446.056732,860309.226328,-3057.538600
1164247.905621,860078.421634,-3002.541000
1164049.754620,859847.616820,-2969.025600
1163851.603751,859616.811913,-2937.899900
1163639.187247,859401.161904,-2905.239300
1163423.600669,859188.879551,-2875.853000
1163208.014204,858976.597086,-2859.521500
1162988.072333,858772.996687,-2841.675500
1162748.531006,858608.466242,-2812.298100
1162508.989669,858443.935625,-2800.535400
1162269.448417,858279.404900,-2794.877400
1162056.344161,858074.254199,-2769.311300
1161865.270826,857835.253535,-2723.459200
1161674.197631,857596.252785,-2740.224900
1179501.035174,871173.924091,-2410.733400
1179253.762738,871356.802486,-2427.936800
1179006.490205,871539.680960,-2423.999000
1178759.217487,871722.559579,-2416.573000
1178519.847797,871916.700468,-2396.847900
1178289.961733,872124.356114,-2381.854000
1178060.075559,872332.011891,-2376.773700
1177830.189299,872539.667778,-2382.491700
1177589.839787,872730.409915,-2379.943600
1177347.165010,872917.393520,-2382.783400
1177104.490133,873104.377213,-2387.594000
1176860.265575,873288.855849,-2403.260300
1176609.068117,873462.061157,-2417.305200
1176357.870477,873635.266591,-2420.238500
1176106.672755,873808.472082,-2429.693800
1175869.663344,873996.039024,-2429.919200
1175644.477550,874195.573862,-2426.324500
1175419.291672,874395.108800,-2419.075700
1175194.105638,874594.643903,-2400.070600
1174980.668507,874816.621604,-2387.481700
1174768.406180,875040.843700,-2375.665800
1174556.143719,875265.065990,-2364.081100
1174341.276638,875475.431446,-2357.090600
1174119.463953,875648.845172,-2349.256100
1173897.651148,875822.259003,-2332.469700
1173675.838261,875995.672907,-2319.716100
1173436.754317,876144.713826,-2310.314200
1173187.801175,876279.827298,-2296.895000
1172938.847860,876414.940846,-2282.818600
1172689.894466,876550.054419,-2268.232400
1172402.785021,876661.198274,-2254.107200
1172115.675408,876772.342152,-2207.076200
1171828.565658,876883.486039,-2228.449000
1171557.245718,877008.033611,-2191.619600
1171313.558183,877156.037612,-2184.255400
1171069.870539,877304.041669,-2180.066200
1170826.182714,877452.045824,-2182.478300
1170576.513165,877619.160823,-2169.566200
1170324.600365,877793.442463,-2163.676500
1170072.687414,877967.724206,-2153.715800
1169829.570073,878149.136428,-2144.195100
1169674.410086,878401.852666,-2151.212400
1169519.250097,878654.569027,-2150.475600
1169364.090051,878907.285599,-2144.222900
1169212.801736,879165.813860,-2136.600100
1169066.159454,879431.316217,-2190.167500
1168919.517164,879696.818739,-2184.107400
1168772.874881,879962.321395,-2178.746100
1168654.227221,880227.044270,-2171.342800
1168541.800617,880491.593965,-2131.896200
1168429.374047,880756.143776,-2097.744400
1168294.790453,881007.291571,-2114.803200
1168060.500199,881198.129518,-2117.414600
1167826.209786,881388.967610,-2117.883500
1167591.919304,881579.805772,-2138.269000
1167359.902816,881756.379988,-2148.980700
1167129.781325,881921.067563,-2158.925000
1166899.659744,882085.755204,-2229.316400
1166669.537996,882250.442965,-2255.206800
1166435.416410,882430.727702,-2219.312700
1166200.894727,882612.572232,-2225.274700
1165966.372873,882794.416903,-2232.613800
1165744.183834,882995.858010,-2248.303200
1165554.882435,883249.556226,-2264.080300
1165365.580969,883503.254626,-2297.415500
1165176.279464,883756.953166,-2293.945300
1164991.649239,883992.039933,-2279.938700
1164809.688327,884216.491397,-2241.459500
1164627.727327,884440.943034,-2206.559600
1164445.766307,884665.394756,-2175.313200
1164255.869460,884897.084741,-2155.814500
1164065.972548,885128.774872,-2129.204600
1163876.075591,885360.465123,-2096.784900
1163712.893579,885604.153480,-2080.055400
1163596.462883,885868.838346,-2066.616000
1163480.032215,886133.523340,-2038.328400
1163363.601538,886398.208539,-2014.457400
1163193.612695,886633.807848,-1983.674000
1163003.539471,886858.500052,-1955.028100
1162813.466168,887083.192407,-1926.094700
1162624.858835,887307.297701,-1915.503900
1162450.911764,887525.531207,-1908.764200
1162276.964660,887743.764811,-1893.406900
1162103.017464,887961.998592,-1882.629900
1161921.634327,888179.077892,-1852.369000
1161731.327990,888394.771875,-1844.653800
1161541.021583,888610.465988,-1840.543100
1161350.715125,888826.160206,-1875.335700
1161138.565388,888999.861321,-1898.988600
1160921.561506,889164.230685,-1916.056900
1160704.557544,889328.600113,-1930.023700
1160478.277512,889479.210396,-1940.123700
1160210.255709,889567.904049,-1943.600800
1159942.233717,889656.597719,-2067.130400
1159674.211641,889745.291372,-2048.072500
1159043.588158,890276.739680,-2051.294700
1158843.704147,890469.685008,-1996.145900
1158639.980285,890683.685941,-2025.179600
1158435.872359,890899.792554,-2049.494600
1158231.764303,891115.899347,-2077.398200
1158014.663273,891320.356470,-2082.793500
1157762.914338,891493.747659,-2087.018600
1157511.165250,891667.138948,-2040.674000
1157259.416050,891840.530307,-2065.426800
1156993.613709,892011.775766,-2131.686300
1156719.780974,892181.794996,-2114.185300
1156445.948031,892351.814337,-2136.149700
1156172.114984,892521.833726,-2190.039100
1155909.841623,892639.451228,-2220.790300
1167833.364538,871116.270221,-2542.553200
1167562.368211,871251.044470,-2493.615200
1167291.371732,871385.818771,-2466.794900
1167020.375127,871520.593107,-2442.279100
1166764.346580,871689.372936,-2475.082000
1166511.644172,871865.709622,-2506.366700
1166258.941654,872042.046384,-2529.245400
1166006.854065,872213.814923,-2570.963100
1165757.534379,872365.025933,-2573.957000
1165508.214517,872516.237042,-2533.043700
1165258.894575,872667.448186,-2489.515600
1165017.746379,872856.129395,-2453.684600
1164783.407986,873076.035711,-2418.691200
1164549.069505,873295.942145,-2382.831800
1164314.730859,873515.848771,-2348.950900
1164083.212199,873703.814492,-2311.719500
1163851.975429,873888.586222,-2297.498000
1163620.738496,874073.358096,-2330.491000
1163382.325751,874247.953817,-2401.497100
1163124.777584,874395.413013,-2454.267600
1162867.229263,874542.872281,-2510.141400
1162346.884692,874853.878033,-2567.015900
1162081.089854,875026.617125,-2595.566900
1161815.294821,875199.356336,-2634.526400
1161549.499694,875372.095602,-2671.512200
1161340.093368,875578.309042,-2700.619600
1161130.686953,875784.522606,-2718.866500
1160921.280471,875990.736270,-2735.887700
1160693.195479,876186.188658,-2745.999800
1160432.423184,876362.808639,-2759.333000
1160171.650764,876539.428700,-2775.862500
1159910.878142,876716.048895,-2791.020500
1159658.321101,876868.405458,-2806.405300
1159408.844806,877011.663200,-2827.335700
1159159.368366,877154.921012,-2847.430400
1158911.949040,877302.765063,-2864.224400
1158685.102015,877496.471043,-2890.797900
1158458.254911,877690.177110,-2897.739700
1158231.407646,877883.883331,-2908.371100
1158000.798826,878075.422687,-2962.918200
1157765.676070,878264.361854,-2986.118200
1157530.553196,878453.301127,-3020.624000
1157024.480982,878790.407802,-2931.139200
1153335.724300,882152.334471,-2323.284200
1153110.962946,882331.000712,-2289.993400
1152886.201386,882509.667124,-2243.597700
1152661.439814,882688.333555,-2253.035400
1151975.011212,883254.746019,-2211.447800
1151744.177604,883448.619134,-2196.407200
1151516.470353,883637.670801,-2198.268300
1151294.234385,883818.284787,-2206.690700
1151071.998330,883998.898854,-2209.728800
1150849.762119,884179.513057,-2184.991900
1150621.610991,884360.300704,-2120.170900
1150391.241685,884541.153464,-2071.860100
1150160.872249,884722.006332,-2089.940700
1149931.214128,884904.387469,-2016.585800
1149708.670117,885102.050495,-1965.329100
1149486.126031,885299.713608,-1907.045400
1149263.581789,885497.376878,-1821.493700
1149031.906621,885699.401734,-1713.785300
1148789.274262,885906.660550,-1619.221600
1148546.641777,886113.919493,-1539.310200
1148304.009192,886321.178538,-1467.498500
1148063.746844,886517.722458,-1403.150400
1147824.011125,886711.885317,-1332.390100
1147584.275306,886906.048265,-1282.828600
1147344.663433,887099.298554,-1246.885600
1147105.609972,887288.441301,-1223.267100
1146866.556345,887477.584185,-1199.856900
1146627.502645,887666.727135,-1175.799000
1146379.065908,887853.958138,-1140.178800
1146122.809960,888039.595850,-1115.258900
1145866.553897,888225.233643,-1139.434300
1145610.297634,888410.871578,-1162.193500
1145372.747976,888576.857871,-1185.770400
1145137.068863,888740.879078,-1188.257100
1144901.389578,888904.900397,-1208.954200
1144666.893821,889071.348085,-1213.719600
1144435.554238,889244.266037,-1257.043800
1143972.874722,889590.102200,-1327.387200
1143722.444687,889766.123968,-1325.533800
1143461.105919,889943.919258,-1296.341200
1143199.766959,890121.714668,-1299.165500
1142707.893968,890471.418034,-1207.627600
1142477.359912,890643.326022,-1207.648900
1142246.825766,890815.234078,-1194.125700
1141761.543801,891166.587420,-1112.745100
1141513.252885,891344.022825,-1051.350300
1141264.961782,891521.458360,-1063.712900
1141010.127075,891677.235262,-1099.430300
1140752.838413,891824.890218,-1136.653400
1140495.549596,891972.545240,-1118.618500
1140241.004795,892122.853373,-1134.191800
1140013.901386,892299.692129,-1177.626800
1139786.797895,892476.530953,-1200.878800
1139559.694241,892653.369906,-1228.881700
1168943.921336,867107.199050,-3137.375000
1168682.000664,867224.476398,-3143.922600
1168420.434907,867347.961236,-3136.371600
1168158.868961,867471.446137,-3129.691200
1167897.302929,867594.931053,-3121.719700
1167631.556640,867727.824724,-3123.822800
1167362.326795,867868.559032,-3144.505600
1167093.096825,868009.293384,-3119.182900
1166823.866646,868150.027824,-3090.974100
1166566.180652,868305.474130,-3066.456500
1166309.648946,868462.391692,-3051.075700
1166053.117042,868619.309364,-3038.485600
1165796.585000,868776.227112,-3047.084000
1165540.052872,868933.144903,-3128.340600
1165283.520602,869090.062769,-3109.961200
1165026.988194,869246.980711,-3121.637500
1164773.138168,869406.699329,-3068.603800
1164520.820929,869568.018340,-3090.637700
1164268.503513,869729.337457,-3090.961700
1164016.186014,869890.656620,-3089.249800
1163755.984780,870061.219362,-3088.703100
1163495.783401,870231.782195,-3087.210000
1163235.581906,870402.345098,-3090.058100
1162975.077158,870561.993584,-3089.201900
1162714.041906,870702.541701,-3087.090800
1162453.006532,870843.089863,-3087.632300
1162191.970958,870983.638113,-3098.512200
1161937.646122,871151.683044,-3102.973900
1161685.837714,871330.039307,-3066.879900
1161434.029157,871508.395677,-3086.493200
1161183.069519,871687.912580,-3103.426300
1160940.600252,871879.033968,-3131.957800
1160698.130890,872070.155444,-3174.396200
1160455.661349,872261.277071,-3223.424800
1160214.395763,872442.352435,-3274.920900
1159974.574858,872611.372314,-3330.173100
1159734.753831,872780.392279,-3383.585400
1159494.932705,872949.412314,-3423.363500
1159238.179438,873109.083214,-3453.985600
1158977.663363,873266.676580,-3490.189900
1158717.147171,873424.270004,-3511.644300
1158461.311637,873584.828390,-3532.044900
1158226.539830,873758.728705,-3558.351600
1157991.767863,873932.629142,-3615.219000
1157756.995830,874106.529635,-3636.699000
1157505.650265,874275.986546,-3614.801000
1157240.493402,874441.740464,-3622.987100
1156975.336418,874607.494448,-3604.205600
1156710.179227,874773.248550,-3571.551800
1156472.431478,874938.233454,-3541.438700
1156237.424560,875103.141515,-3512.944600
1156002.417473,875268.049695,-3481.328400
1155755.576948,875431.110432,-3439.871300
1155477.180657,875589.244581,-3331.211200
1155198.784188,875747.378811,-3295.414800
1154920.387584,875905.513098,-3299.729200
1154665.516796,876069.679663,-3255.614000
1154424.089347,876237.293255,-3242.618400
1154182.661735,876404.906958,-3257.141800
1153941.234049,876572.520710,-3221.852100
1153699.806238,876740.134547,-3196.549600
1153458.378302,876907.748469,-3201.012700
1151700.937092,878085.180173,-2984.991900
1151470.308216,878259.015966,-2949.487300
1151241.761046,878438.256214,-2917.375500
1151034.031923,878671.540279,-2889.930200
1150826.302744,878904.824462,-2858.818400
1150618.573437,879138.108846,-2831.813700
1150412.902028,879365.418527,-2828.185100
1150209.700040,879585.558609,-2818.608900
1150006.497970,879805.698827,-2824.273700
1149803.295842,880025.839154,-2839.222900
1149602.861958,880249.182607,-2845.696500
1149403.043187,880473.237967,-2845.590100
1149203.224359,880697.293441,-2830.899700
1149006.753599,880924.350018,-2809.302500
1148825.349607,881164.910877,-2777.540000
1148643.945529,881405.471926,-2738.177700
1148462.541436,881646.033074,-2715.782700
1148266.600519,881875.540093,-2672.511000
1148058.545564,882095.835334,-2601.009300
1147850.490544,882316.130684,-2557.965600
1147642.435393,882536.426217,-2518.846700
1147461.782840,882755.941379,-2519.824200
1147283.870490,882975.378623,-2459.848400
1147105.958043,883194.816042,-2421.509300
1146928.243979,883421.077978,-2387.495600
1146751.058958,883665.538525,-2350.396500
1146573.873878,883909.999236,-2304.502200
1146396.688768,884154.460072,-2259.247600
1146216.389536,884380.528967,-2215.474600
1146034.310809,884596.088177,-2252.234400
1145852.231990,884811.647545,-2205.949500
1145670.153147,885027.206991,-2198.060100
1145427.452970,885231.491550,-2165.258800
1145184.752665,885435.776233,-2116.968500
1144942.052261,885640.061013,-2099.462200
1144710.311935,885844.033368,-2057.149200
1144497.751934,886047.458822,-1992.071700
1144285.191855,886250.884377,-1924.884600
1144072.631635,886454.310094,-1891.918100
1143850.583510,886657.284668,-1870.570800
1141589.910793,889415.080312,-1813.645900
1141373.322979,889618.644304,-1795.798800
1141151.076011,889815.999112,-1730.913500
1140903.363392,889985.411973,-1682.268900
1140655.650594,890154.824946,-1668.849400
1140407.937717,890324.237966,-1679.692000
1140167.746239,890507.642390,-1716.413900
1139933.822603,890702.706336,-1741.921800
1139699.898875,890897.770370,-1778.247200
1139465.974977,891092.834556,-1806.426800
1167760.073356,864052.821075,-3149.295400
1167537.409175,864241.372865,-3166.710400
1167314.744796,864429.924844,-3187.698000
1167063.436929,864629.251667,-3225.223100
1166812.128929,864828.578613,-3245.199000
1166560.820821,865027.905660,-3270.681200
1166318.917338,865224.058597,-3290.596900
1166093.472141,865414.656683,-3294.394300
1165868.026855,865605.254864,-3288.170700
1165642.581414,865795.853198,-3297.082500
1165404.693459,865986.443569,-3305.295400
1165162.139467,866177.031039,-3291.006300
1164919.585337,866367.618631,-3197.701700
1164677.031109,866558.206314,-3189.998300
1164434.476756,866748.794109,-3173.271000
1164191.922173,866939.382098,-3174.579800
1163949.367570,867129.970116,-3194.732700
1163712.970272,867328.357061,-3219.124300
1163483.961750,867536.102726,-3248.615500
1163254.953119,867743.848519,-3274.684600
1162550.783195,868336.623514,-3368.566700
1162312.345267,868527.615052,-3343.143100
1162072.340816,868715.556406,-3317.317900
1161825.287659,868889.771348,-3309.974400
1161578.234327,869063.986415,-3313.757300
1161331.180918,869238.201539,-3319.593800
1161090.922385,869416.599751,-3327.667000
1160856.326258,869598.483877,-3345.153100
1160621.730040,869780.368085,-3359.347900
1160387.133654,869962.252433,-3379.726600
1160161.130645,870159.379185,-3412.079800
1159935.986872,870358.030286,-3458.603800
1159710.842946,870556.681547,-3489.804900
1159484.560283,870754.274158,-3518.155000
1159255.241061,870949.043586,-3530.974400
1158564.179413,871533.444481,-3615.092000
1158329.983138,871728.358786,-3624.724100
1158095.786709,871923.273236,-3640.275400
1157861.590214,872118.187758,-3603.122300
1157619.591743,872296.303433,-3624.546100
1157377.593146,872474.419204,-3625.211900
1157135.594450,872652.535052,-3610.883100
1156899.482913,872829.029984,-3560.585900
1156673.674077,873002.688182,-3573.069100
1156447.865152,873176.346458,-3583.352500
1156222.056069,873350.004864,-3595.985800
1155999.918387,873548.329890,-3608.637500
1155779.157406,873755.904996,-3616.092500
1155558.396311,873963.480239,-3616.494600
1155336.037140,874169.553642,-3579.289600
1155097.698046,874360.607566,-3561.044900
1154859.358861,874551.661575,-3531.629900
1154621.019502,874742.715736,-3517.660600
1154390.564238,874937.191139,-3480.463400
1154169.569838,875135.772089,-3451.384000
1153948.575336,875334.353154,-3467.617200
1153727.580755,875532.934313,-3453.500200
1153499.651124,875721.884219,-3453.814500
1153270.180287,875908.693919,-3437.083000
1153040.709361,876095.503703,-3431.315700
1152809.673397,876284.544643,-3410.070300
1152571.595360,876483.625252,-3398.512500
1152333.517160,876682.706015,-3358.719500
1152095.438893,876881.786853,-3341.035900
1151861.989554,877071.452300,-3273.867200
1151632.397665,877253.271577,-3197.287600
1151402.805688,877435.090934,-3150.225600
1151173.213549,877616.910428,-3099.945600
1150936.161200,877822.622590,-3054.385500
1150698.362718,878030.724135,-3018.960400
1150460.564065,878238.825853,-2994.577400
1150226.057709,878437.548105,-2975.589800
1150000.330915,878611.258300,-2961.988000
1149774.604000,878784.968596,-2952.682600
1149548.876999,878958.678962,-2932.882800
1149326.294041,879151.424722,-2932.166000
1149105.507682,879355.047877,-2939.354200
1148884.721185,879558.671183,-2954.454100
1148663.934634,879762.294566,-2939.083500
1148429.727376,879952.286091,-2922.298100
1148195.520002,880142.277722,-2904.517600
1147961.312534,880332.269439,-2895.013400
1147727.373911,880521.163414,-2876.653300
1147493.905920,880708.136202,-2863.174300
1147260.437831,880895.109078,-2846.543900
1147026.969575,881082.082098,-2824.452600
1146796.554297,881271.886253,-2794.413300
1146567.283802,881462.752163,-2821.493900
1146338.013182,881653.618189,-2795.629400
1146107.135609,881845.259481,-2792.759800
1145860.189458,882044.652523,-2810.193600
1145613.243207,882244.045655,-2810.472900
1145366.296772,882443.438947,-2786.541000
1145129.245772,882638.909151,-2791.059100
1144904.069244,882829.671691,-2807.104500
1144678.892609,883020.434336,-2843.977300
1144453.715889,883211.197067,-2874.441700
1144218.436016,883398.158327,-2903.295200
1143980.910906,883584.274889,-2925.469700
1143743.385700,883770.391533,-2937.359100
1143507.173946,883955.743315,-2950.390400
1143276.873375,884137.652695,-2951.572000
1142816.271859,884501.471769,-2972.961900
1142582.467151,884700.422197,-2961.772900
1142345.742509,884913.573370,-2959.856700
1142109.017773,885126.724649,-2943.635700
1141872.292867,885339.876104,-2908.091600
1141637.962955,885532.932821,-2867.722400
1141403.872432,885723.980164,-2865.931900
1141169.781739,885915.027656,-2830.364300
1140939.341846,886109.249580,-2802.884800
1140718.637524,886311.936575,-2767.594500
1140497.933088,886514.623698,-2744.989700
1140277.228572,886717.310916,-2719.275600
1140037.730278,886915.446531,-2695.833300
1139787.492656,887110.981236,-2671.736800
1166262.046256,860567.241643,-3024.911100
1166108.968364,860834.036800,-3054.820100
1165955.890462,861100.832123,-3076.290800
1165799.526610,861364.523649,-3097.757100
1165610.303385,861597.175595,-3115.763400
1165421.080125,861829.827657,-3115.729500
1165231.856765,862062.479915,-3121.709200
1165042.638846,862281.931913,-3126.808300
1164853.427395,862485.543633,-3135.113800
1164664.215877,862689.155470,-3139.747100
1164475.004311,862892.767403,-3144.622600
1164229.013430,863093.880169,-3152.410200
1163970.404803,863294.437659,-3162.452900
1163711.796064,863494.995251,-3186.888700
1163460.239978,863698.451924,-3212.193100
1163240.421589,863914.953854,-3239.645300
1163020.603064,864131.455958,-3265.947500
1161708.454299,865510.437516,-3522.534900
1161500.631250,865746.645735,-3510.956300
1161292.808076,865982.854159,-3490.061000
1161078.896006,866215.957994,-3486.377700
1160848.746903,866440.782762,-3486.394500
1160618.597682,866665.607689,-3488.798100
1160388.448378,866890.432738,-3503.430200
1160166.818957,867122.669942,-3521.898700
1159950.058054,867359.142686,-3548.905300
1159733.297026,867595.615624,-3582.776400
1159516.535956,867832.088669,-3608.806900
1159298.153232,868039.568259,-3602.535400
1159079.770411,868247.047975,-3612.835900
1158861.387517,868454.527794,-3610.342000
1158643.091012,868664.921097,-3625.149900
1158424.945826,868880.412846,-3636.396700
1158206.800562,869095.904713,-3652.441700
1157988.655155,869311.396760,-3665.963100
1157757.972420,869523.605994,-3676.499300
1157522.588097,869734.584269,-3680.401900
1157287.203647,869945.562686,-3673.054400
1157052.190553,870156.531328,-3664.900100
1156820.892007,870367.401086,-3658.832500
1156589.593379,870578.270947,-3662.574500
1156358.294591,870789.140984,-3662.244900
1156121.175813,870990.618780,-3656.359600
1155877.072972,871180.825923,-3660.631300
1155632.970005,871371.033175,-3666.682100
1155388.866937,871561.240515,-3673.797600
1155152.252531,871779.922674,-3687.989000
1154917.302193,872004.932686,-3705.672400
1154682.351767,872229.942820,-3718.163600
1154447.263993,872450.041480,-3716.403600
1154211.558766,872648.037769,-3672.758300
1153975.853380,872846.034210,-3649.749500
1153740.147928,873044.030723,-3639.349600
1153501.922590,873247.019637,-3622.595700
1153261.597347,873454.168892,-3549.085400
1153021.272009,873661.318252,-3519.276600
1152780.946496,873868.467783,-3503.235800
1152512.651151,874029.984007,-3479.081300
1152241.558678,874186.936970,-3478.609400
1151970.465992,874343.890039,-3466.391600
1151706.527743,874509.928938,-3464.627700
1151216.808431,874890.464561,-3406.629200
1150971.948601,875080.732519,-3387.147900
1150724.504372,875271.079126,-3380.117700
1150475.583334,875461.470683,-3352.898400
1150226.662122,875651.862380,-3322.623000
1149977.740832,875842.254144,-3292.850100
1149728.945873,876036.656428,-3262.921600
1149480.150782,876231.058825,-3239.078100
1149231.355586,876425.461314,-3224.539600
1148987.345400,876621.186674,-3205.603800
1148751.709163,876819.226915,-3185.700000
1148516.072828,877017.267255,-3172.779500
1148280.436324,877215.307755,-3164.488000
1148041.441798,877420.005337,-3162.045400
1147801.187922,877627.199415,-3159.418700
1147560.933911,877834.393633,-3133.478500
1147319.953541,878042.064709,-3165.175000
1147071.710610,878254.503309,-3171.698500
1146823.467582,878466.942014,-3175.338600
1146575.224368,878679.380896,-3174.168900
1146318.860245,878879.764226,-3172.146200
1146052.750950,879065.680923,-3192.323000
1145786.641502,879251.597722,-3197.299100
1145520.531932,879437.514602,-3201.953900
1145282.631530,879630.003539,-3183.434100
1145050.999759,879823.953016,-3194.114700
1144819.367898,880017.902581,-3214.459500
1144586.177153,880214.265730,-3222.925000
1144345.972043,880421.489455,-3238.303000
1144105.766768,880628.713341,-3230.988500
1143865.561423,880835.937306,-3250.648900
1143637.293918,881040.636314,-3284.734600
1143418.974633,881243.231187,-3306.403300
1143200.655270,881445.826154,-3325.843000
1164679.892684,857786.161460,-3109.669200
1164491.548161,858020.216265,-3124.358900
1164303.203619,858254.271169,-3134.401900
1164102.580284,858495.416174,-3131.653300
1163894.940485,858740.612704,-3117.324500
1163687.300579,858985.809439,-3077.560800
1163479.660642,859231.006284,-3034.192100
1163305.785746,859487.278225,-3019.073700
1163131.910813,859743.550328,-3020.780800
1162958.035863,859999.822569,-3014.838600
1162770.195027,860244.470617,-2996.148200
1162557.913931,860468.776120,-2974.768300
1162345.632767,860693.081748,-2966.145500
1162133.351471,860917.387567,-2961.620100
1161927.149262,861146.625164,-2960.547400
1161723.226653,861377.712285,-2969.706300
1161519.303957,861608.799566,-2985.376700
1161314.189245,861839.647896,-3007.217000
1161097.155004,862068.105445,-3028.477300
1160880.120700,862296.563112,-3058.744600
1160663.086258,862525.020978,-3104.735600
1160449.965203,862747.452932,-3156.932400
1160241.540155,862962.653835,-3229.127200
1160033.115022,863177.854869,-3292.933600
1159824.689828,863393.056013,-3392.520300
1159612.759035,863625.569183,-3276.435500
1159400.049160,863861.929589,-3309.131300
1159187.339225,864098.290124,-3323.303500
1158976.981413,864333.856992,-3351.690400
1158777.208657,864565.851586,-3378.199700
1158577.435795,864797.846369,-3411.059100
1158377.662906,865029.841248,-3454.338900
1158159.272249,865248.161726,-3484.787100
1157925.366762,865455.086859,-3508.085400
1157691.461188,865662.012096,-3554.212200
1157457.555449,865868.937506,-3586.936300
1157223.255041,866087.716928,-3606.903300
1156988.915060,866307.681884,-3627.136000
1156754.574916,866527.647028,-3644.757100
1156520.168644,866745.157626,-3658.782000
1156285.586113,866956.122620,-3673.095200
1156051.003457,867167.087755,-3687.710200
1155816.420710,867378.052999,-3697.411600
1155587.169730,867575.486916,-3710.126500
1155360.965477,867765.188641,-3724.143800
1155134.761081,867954.890504,-3740.856000
1154908.556625,868144.592434,-3752.147900
1154670.179731,868364.693525,-3764.682400
1154431.802722,868584.794758,-3782.831300
1154193.425621,868804.896107,-3795.008100
1153959.483043,869013.947906,-3801.815900
1153733.301043,869203.662797,-3810.042700
1153507.118953,869393.377781,-3822.877900
1153280.936707,869583.092912,-3835.925500
1153026.155679,869767.799494,-3850.126700
1152760.649993,869950.627944,-3877.220500
1152495.144142,870133.456505,-3894.054000
1152229.201537,870313.931055,-3908.263700
1151958.892675,870470.864625,-3918.871800
1151688.583694,870627.798247,-3914.217300
1151418.274501,870784.731976,-3921.199200
1151151.926728,870937.459491,-3953.416700
1150890.332597,871085.139589,-3945.106900
1150628.738324,871232.819750,-3952.545200
1150367.143935,871380.499957,-3953.900900
1150088.227206,871528.682058,-3990.274400
1149805.460941,871676.975736,-3969.240500
1149522.694542,871825.269458,-3952.326200
1149243.692492,871970.361622,-3940.820300
1148981.630882,872101.046416,-3929.398700
1148719.569083,872231.731279,-3923.745100
1148457.507200,872362.416157,-3922.669400
1148181.371384,872498.425600,-3917.931200
1147893.507269,872638.872177,-3921.463900
1147605.643014,872779.318790,-3924.629200
1147317.778527,872919.765485,-3923.714800
1147098.452316,873123.814565,-3920.593500
1146885.979842,873334.223998,-3920.671100
1146673.507231,873544.633602,-3920.495400
1146470.553505,873768.975969,-3918.300300
1146292.983564,874030.472280,-3910.620600
1146115.413572,874291.968772,-3899.681600
1145937.843557,874553.465405,-3886.120800
1145752.578717,874817.735125,-3874.585700
1145562.916842,875083.589495,-3862.929900
1145373.254884,875349.444085,-3832.025100
1145183.592912,875615.298794,-3806.224100
1145005.184228,875846.780952,-3775.835700
1144826.775490,876078.263249,-3789.821000
1144648.366719,876309.745659,-3760.382100
1144457.734183,876538.667487,-3732.876200
1144245.710130,876763.108128,-3689.021700
1144033.686006,876987.548889,-3633.996800
1143821.661747,877211.989839,-3582.381800
1143593.631465,877436.167286,-3542.369400
1143359.598837,877660.246025,-3508.722900
1143125.566082,877884.324917,-3429.802700
1142891.826000,878105.664521,-3393.285600
1142661.013589,878299.609985,-3344.901400
1142430.201096,878493.555535,-3294.333700
1142199.388439,878687.501235,-3258.060500
1140818.668406,879838.358079,-2727.071500
1140588.952102,880041.300379,-2699.532700
1140354.950444,880234.351943,-2671.485800
1140101.665283,880382.894561,-2647.072500
1139848.379941,880531.437267,-2627.767800
1139595.094519,880679.980003,-2599.626000
1139344.605895,880832.816839,-2580.764600
1139096.447940,880989.232094,-2556.143600
1138848.289880,881145.647404,-2523.976600
1138600.131635,881302.062817,-2495.054700
1138376.409240,881508.767869,-2450.205100
1138155.130332,881720.502000,-2421.745600
1137933.851275,881932.236303,-2376.684600
1137709.370512,882148.435802,-2333.879200
1137476.351938,882376.542387,-2317.030000
1162785.239037,856151.387422,-2720.237800
1162598.144189,856399.125106,-2737.408400
1162411.049263,856646.862985,-2741.054700
1162223.954324,856894.600973,-2744.541300
1162043.212308,857129.986380,-2752.321500
1161866.100544,857358.313178,-2751.398200
1161688.988704,857586.640150,-2744.802200
1161511.876853,857814.967210,-2738.423300
1161339.301394,858059.195224,-2720.201200
1161166.725896,858303.423389,-2746.165800
1160994.150377,858547.651678,-2756.264200
1160812.216941,858785.953909,-2760.634300
1160613.907207,859013.885349,-2772.845200
1160415.597420,859241.816912,-2760.291000
1160002.551273,859682.851209,-2768.744900
1159781.655067,859890.392884,-2806.034400
1159560.758752,860097.934696,-2825.284200
1159339.887083,860306.296202,-2866.937500
1159119.262727,860522.853558,-2912.048300
1158898.638303,860739.411022,-2957.828100
1158678.013735,860955.968668,-2983.490000
1157343.862602,862200.997807,-3189.198500
1157117.516353,862387.680644,-3223.093000
1156891.697355,862577.172952,-3247.154100
1156668.251576,862779.307349,-3280.749300
1156444.805656,862981.441903,-3278.702100
1156221.359682,863183.576533,-3291.195600
1155997.913606,863385.711284,-3306.487100
1155774.467428,863587.846156,-3322.920700
1155551.021052,863789.981235,-3339.001700
1155327.574668,863992.116347,-3359.714400
1155087.686880,864215.213155,-3386.327900
1154846.154845,864440.406267,-3411.387000
1154604.622638,864665.599576,-3431.323500
1154366.303472,864886.333205,-3474.882100
1154136.552507,865095.174198,-3512.290300
1153906.801423,865304.015330,-3518.723600
1153677.050254,865512.856567,-3580.614500
1153457.960210,865713.113203,-3580.927500
1153244.962248,865908.464351,-3590.755600
1153031.964160,866103.815643,-3611.425300
1152818.966024,866299.167003,-3634.335000
1152581.203866,866512.255799,-3661.714600
1152343.441593,866725.344729,-3687.206800
1152105.679229,866938.433769,-3704.911400
1151875.626921,867151.306805,-3721.970200
1151659.067388,867363.801670,-3731.553200
1151442.507778,867576.296647,-3740.476300
1151225.948026,867788.791800,-3751.029300
1151009.388181,868001.287082,-3765.983400
1150792.828289,868213.782446,-3775.844700
1150576.268302,868426.277939,-3780.631800
1150363.323430,868643.314783,-3783.180400
1150186.530766,868905.763811,-3809.375000
1150009.738086,869168.212974,-3822.100100
1149832.945328,869430.662364,-3847.920400
1149658.392878,869693.504871,-3874.854500
1149486.528742,869956.819180,-3898.774400
1149314.664573,870220.133657,-3924.131100
1149142.800388,870483.448274,-3949.563200
1148897.151883,870639.067504,-3963.856700
1148635.106738,870770.754435,-3973.858900
1148373.061480,870902.441398,-3978.512900
1148109.541608,871034.354314,-3981.549600
1147839.386711,871167.283740,-3990.712900
1147569.231617,871300.213235,-3998.099400
1147299.076431,871433.142747,-4008.203900
1147040.729951,871574.479722,-4020.357400
1146792.224073,871722.822925,-4039.312700
1146543.718093,871871.166176,-4053.201900
1146295.211929,872019.509524,-4059.765400
1146038.994956,872157.154890,-4083.731900
1145782.006773,872293.730508,-4092.491200
1145273.168546,872583.126006,-4199.166000
1145035.021554,872779.263417,-4157.803700
1144796.874429,872975.400953,-4135.742700
1144558.727211,873171.538579,-4086.527100
1144323.014515,873361.874474,-4045.371800
1144088.692973,873548.895096,-3973.264900
1143854.371278,873735.915850,-3916.843000
1143620.049516,873922.936666,-3863.241700
1143399.031620,874118.595653,-3826.436300
1143178.013622,874314.254750,-2763.839600
1142956.995546,874509.913937,-2730.214400
1142731.200044,874704.256282,-2691.795400
1142497.044181,874896.294013,-2662.081300
1142262.888222,875088.331836,-2636.068400
1142028.732095,875280.369809,-2617.136700
1141800.487283,875471.513857,-2603.016800
1141574.459134,875662.322760,-2601.092300
1141348.430866,875853.131779,-2601.763400
1141122.490676,876044.394198,-2611.412800
1140897.432197,876240.189710,-2628.256100
1140672.373643,876435.985307,-2639.270500
1140447.314932,876631.781058,-2648.029300
1140224.112447,876827.526083,-2657.410200
1140003.137373,877023.210288,-2666.062500
1139782.162197,877218.894604,-2676.773200
1139561.186943,877414.579008,-2691.387900
1139318.184800,877586.321242,-2709.402300
1139070.287691,877752.743046,-2733.728300
1138822.390479,877919.164914,-2753.734600
1138578.635130,878095.484250,-2755.660400
1138353.518872,878316.341793,-2753.226800
1138128.402469,878537.199511,-2744.126700
1137903.286013,878758.057317,-2725.171100
1137690.123619,878976.933211,-2704.862800
1137486.922963,879194.157510,-2673.343300
1137283.722248,879411.381912,-2635.818400
1137080.521406,879628.606492,-2595.216600
1136841.713723,879818.642099,-2554.815700
1136599.345239,880005.958905,-2513.472200
1176122.196681,871486.410701,-2540.522700
1175535.524818,871649.821651,-2500.274700
1175252.162378,871721.769659,-2498.668500
1174968.799740,871793.717664,-2493.280500
1174685.437011,871865.665637,-2500.790300
1174390.016868,871973.012554,-2510.884800
1174094.596550,872080.359487,-2516.557400
1173799.176087,872187.706426,-2523.533700
1173503.485322,872285.231428,-2524.250200
1173207.321747,872365.567975,-2527.627900
1172911.158029,872445.904504,-2521.184800
1172614.994079,872526.241037,-2514.527100
1172326.080714,872632.606276,-2505.794200
1172039.886195,872748.732310,-2512.572300
1171753.691494,872864.858379,-2508.077600
1171467.461919,872979.711661,-2480.415300
1171180.885064,873081.836833,-2452.475600
1170894.308081,873183.962006,-2455.513900
1170607.730871,873286.087214,-2443.607900
1170328.626067,873390.284891,-2438.499000
1170058.488090,873496.969575,-2441.182400
1169788.349963,873603.654279,-2434.252400
1169518.211718,873710.338995,-2425.461700
1169224.062520,873816.882305,-2415.052200
1168924.577418,873923.394200,-2404.639600
1168625.092169,874029.906096,-2390.707800
1168328.789706,874138.880467,-2380.934600
1168046.810690,874258.935837,-2389.946300
1167764.831462,874378.991261,-2409.832800
1166704.142808,874887.949295,-2687.686300
1166448.574483,875019.294091,-2603.611100
1166181.088084,875174.653661,-2522.351300
1165912.409733,875332.414777,-2415.495600
1165643.731169,875490.176004,-2318.664100
1165372.703722,875643.362018,-2216.026900
1165095.412720,875784.347401,-2183.891600
1164818.121542,875925.332845,-2137.213900
1164540.830232,876066.318331,-2129.354200
1164269.085817,876201.417868,-2125.612500
1164000.511052,876333.153994,-2130.503200
1163731.936091,876464.890188,-2129.442600
1163463.361037,876596.626401,-2155.763400
1163230.132781,876796.485634,-2175.561500
1162996.904411,876996.344986,-2204.853500
1162763.675949,877196.204438,-2243.229000
1162520.643910,877363.563858,-2256.862500
1162260.455751,877474.048014,-2261.408900
1178041.450981,882815.411749,-1965.160000
1132073.972525,907189.139906,-522.710000
1141441.761808,901684.555382,-559.110000
1154080.387773,852551.103326,-1180.490000
1160605.655960,881218.699757,-2134.540000
1140467.752861,889626.644941,-1707.220000
1162416.420230,881845.125441,-2219.810000
1130852.908813,875512.958401,-2591.340000
1168725.135607,874584.480740,-2341.550000
1112964.767908,923769.159091,-58.010000
1174292.871163,878876.478900,-2093.060000
1146395.123778,896970.991031,-611.600000
1161472.785748,878393.362477,-2402.080000
1149399.408472,862509.631598,-4122.130000
1152593.638896,874762.396546,-3384.320000
1163308.461075,874067.626259,-2315.260000
1148799.010539,878617.785980,-2868.080000
1111934.589351,909555.191423,728.450000
1146088.418404,888908.063749,-871.510000
1156700.488338,869623.173358,-3684.610000
1153807.034788,853687.416297,-1417.230000
1152167.698504,876322.066471,-3189.380000
1163239.085225,874155.944065,-2324.520000
1149042.515703,845806.054117,-3264.300000
