1.85162e+006 531050 982
1.85133e+006 543009 1382
1.84484e+006 546453 1231
1.84906e+006 551350 967
1.8445e+006 553706 1279
1.83854e+006 562522 1628
1.83674e+006 564159 988
1.83269e+006 569673 527
1.8308e+006 572445 614
1.82993e+006 574040 643
1.82702e+006 577928 687
1.82528e+006 579494 338
1.82369e+006 581202 285
1.81032e+006 592091 796
1.80505e+006 598523 574
1.79695e+006 607884 1315
1.79234e+006 613890 1573
1.8282e+006 565625 2940
1.8308e+006 568295 817
1.8388e+006 570622 573
1.84305e+006 571374 661
1.82105e+006 578585 1147
1.82214e+006 580795 166
1.79668e+006 605878 694
1.84912e+006 549173 1551
1.85494e+006 545579 1815
1.86799e+006 543328 1882
1.86063e+006 551198 1357
1.86359e+006 545989 1889
1.86932e+006 537086 1393
1.86895e+006 528912 807
