1.85162e+006 531050 357
1.8488e+006 536701 549
1.85133e+006 543009 906
1.84484e+006 546453 549
1.84906e+006 551350 260
1.8445e+006 553706 100
1.84033e+006 561712 396
1.83854e+006 562522 421
1.83674e+006 564159 332
1.83269e+006 569673 268
1.8308e+006 572445 315
1.82993e+006 574040 271
1.82702e+006 577928 266
1.82528e+006 579494 131
1.82369e+006 581202 102
1.81601e+006 585920 37
1.81032e+006 592091 -21
1.80505e+006 598523 98
1.79845e+006 606146 663
1.79695e+006 607884 717
1.79472e+006 608888 687
1.79334e+006 611762 758
1.79234e+006 613890 619
1.83668e+006 570771 290
1.8388e+006 570622 271
1.84305e+006 571374 183
1.82214e+006 580795 -145
1.79668e+006 605878 -4
1.79773e+006 605995 97
1.84912e+006 549173 966
1.85494e+006 545579 1276
1.86799e+006 543328 1428
1.85047e+006 555457 664
1.86063e+006 551198 674
1.86359e+006 545989 1204
1.86932e+006 537086 1158
1.86895e+006 528912 365
1.79078e+006 608665 -99
