# Model:	C:/Users/tmenotti/Documents/STANFORD/RESEARCH/NEW_SALINAS/MODELS/PM2011/SALINAS/pm3d/02_E_SALINAS
# Data Access:	Top
# Event:	09_EAST_SURF
# X, Y Unit:	meter
# Depth Unit:	meter
# Layer:	09_EAST_SURF
# Overlay:	Depth
# Overlay Unit:	meter
#
#
#                X                 Y                 Z             Value
    1827273.750000     561731.750000       -230.399841       -230.399841
    1827574.250000     561790.812500       -220.256012       -220.256012
    1827874.625000     561849.875000       -221.525696       -221.525696
    1828090.750000     561892.437500       -222.428925       -222.428925
    1828175.000000     561909.000000       -222.916580       -222.916580
    1828475.500000     561968.062500       -221.328415       -221.328415
    1828775.875000     562027.187500       -211.304138       -211.304138
    1829076.375000     562086.250000       -204.201584       -204.201584
    1829376.750000     562145.375000       -202.413071       -202.413071
    1829617.375000     562192.687500       -203.954636       -203.954636
    1829677.125000     562204.437500       -204.550354       -204.550354
    1829977.625000     562263.562500       -206.433945       -206.433945
    1830278.000000     562322.625000       -210.520218       -210.520218
    1830578.500000     562381.687500       -215.830475       -215.830475
    1830669.875000     562399.687500       -219.212448       -219.212448
    1830878.875000     562203.750000       -219.069092       -219.069092
    1830890.625000     562192.687500       -218.919891       -218.919891
    1831179.250000     561922.000000       -216.701828       -216.701828
    1831210.750000     561892.437500       -216.306488       -216.306488
    1831479.750000     561640.250000       -210.979767       -210.979767
    1831531.000000     561592.187500       -209.559433       -209.559433
    1831780.125000     561358.500000       -198.225784       -198.225784
    1831851.125000     561291.875000       -194.564926       -194.564926
    1831927.000000     561220.687500       -192.218750       -192.218750
    1832080.500000     561209.812500       -191.536026       -191.536026
    1832381.000000     561188.625000       -192.640228       -192.640228
    1832681.375000     561167.375000       -192.716492       -192.716492
    1832981.875000     561146.125000       -187.810242       -187.810242
    1833282.250000     561124.875000       -182.341522       -182.341522
    1833582.625000     561103.625000       -171.911453       -171.911453
    1833883.125000     561082.375000       -164.298035       -164.298035
    1834183.500000     561061.125000       -174.769608       -174.769608
    1834484.000000     561039.937500       -179.256943       -179.256943
    1834784.375000     561018.687500       -164.989929       -164.989929
    1835084.750000     560997.437500       -155.859222       -155.859222
    1835103.500000     560996.125000       -155.629333       -155.629333
    1835385.250000     561121.062500       -152.759583       -152.759583
    1835685.625000     561254.375000       -164.604202       -164.604202
    1835770.250000     561291.875000       -171.839218       -171.839218
    1835986.125000     561387.625000       -209.227371       -209.227371
    1836286.500000     561520.937500       -261.316772       -261.316772
    1836447.000000     561592.187500       -260.334564       -260.334564
    1836586.875000     561654.187500       -252.228546       -252.228546
    1836887.375000     561787.500000       -256.526855       -256.526855
    1837123.875000     561892.437500       -258.787079       -258.787079
    1837187.750000     561920.812500       -256.086761       -256.086761
    1837488.250000     562054.062500       -245.284714       -245.284714
    1837788.625000     562187.375000       -259.123779       -259.123779
    1837800.625000     562192.687500       -258.921509       -258.921509
    1838089.000000     562320.625000       -259.800140       -259.800140
    1838389.500000     562453.937500       -237.497650       -237.497650
    1838402.000000     562459.500000       -238.251968       -238.251968
    1838406.375000     562492.937500       -239.036057       -239.036057
    1838444.875000     562793.250000       -241.867767       -241.867767
    1838483.500000     563093.500000       -251.248672       -251.248672
    1838522.000000     563393.750000       -274.804047       -274.804047
    1838560.625000     563694.000000       -292.436554       -292.436554
    1838599.125000     563994.312500       -293.025330       -293.025330
    1838637.750000     564294.562500       -298.580688       -298.580688
    1838676.250000     564594.812500       -296.136536       -296.136536
    1838689.875000     564700.875000       -299.834473       -299.834473
    1838714.875000     564895.062500       -308.279358       -308.279358
    1838753.375000     565195.375000       -312.110596       -312.110596
    1838792.000000     565495.625000       -312.956268       -312.956268
    1838830.500000     565795.875000       -322.404663       -322.404663
    1838869.125000     566096.125000       -330.917297       -330.917297
    1838907.625000     566396.437500       -340.035858       -340.035858
    1838946.250000     566696.687500       -360.799622       -360.799622
    1838984.750000     566996.937500       -376.152100       -376.152100
    1838990.375000     567040.250000       -375.106628       -375.106628
    1839023.250000     567297.187500       -369.078583       -369.078583
    1839061.875000     567597.500000       -382.239655       -382.239655
    1839100.375000     567897.750000       -405.656067       -405.656067
    1839139.000000     568198.000000       -382.110229       -382.110229
    1839177.500000     568498.250000       -372.792755       -372.792755
    1839216.125000     568798.562500       -300.803040       -300.803040
    1839253.875000     569092.937500       -296.898163       -296.898163
    1839290.750000     569078.875000       -297.932404       -297.932404
    1839591.125000     568964.187500       -303.037842       -303.037842
    1839891.625000     568849.562500       -306.470642       -306.470642
    1840025.250000     568798.562500       -306.427582       -306.427582
    1840192.000000     568734.875000       -321.746490       -321.746490
    1840492.375000     568620.250000       -349.069031       -349.069031
    1840792.875000     568505.562500       -390.067261       -390.067261
    1840812.000000     568498.250000       -392.683258       -392.683258
    1841093.250000     568390.937500       -420.378235       -420.378235
    1841393.750000     568276.250000       -435.811584       -435.811584
    1841598.750000     568198.000000       -444.137360       -444.137360
    1841694.125000     568161.625000       -443.252441       -443.252441
    1841994.500000     568046.937500       -448.480682       -448.480682
    1842295.000000     567932.250000       -468.349426       -468.349426
    1842385.500000     567897.750000       -471.440887       -471.440887
    1842595.375000     567817.625000       -461.825439       -461.825439
    1842895.875000     567702.937500       -468.916107       -468.916107
    1843172.250000     567597.500000       -462.542877       -462.542877
    1843196.250000     567588.312500       -461.814972       -461.814972
    1843496.625000     567473.625000       -466.853790       -466.853790
    1843797.125000     567359.000000       -462.558929       -462.558929
    1843959.000000     567297.187500       -464.077454       -464.077454
    1844097.500000     567244.312500       -475.157867       -475.157867
    1844398.000000     567129.687500       -496.046265       -496.046265
    1844698.375000     567015.000000       -513.176270       -513.176270
    1844745.750000     566996.937500       -515.113159       -515.113159
    1844998.750000     566900.375000       -513.812683       -513.812683
    1845299.250000     566785.687500       -499.750732       -499.750732
    1845532.500000     566696.687500       -491.342133       -491.342133
    1845599.625000     566671.062500       -487.439178       -487.439178
    1845900.125000     566556.375000       -451.782440       -451.782440
    1846200.500000     566441.750000       -406.799591       -406.799591
    1846319.125000     566396.437500       -396.254883       -396.254883
    1846500.875000     566327.062500       -382.049347       -382.049347
    1846801.375000     566212.375000       -365.969727       -365.969727
    1847101.750000     566097.750000       -341.093140       -341.093140
    1847105.875000     566096.125000       -340.711914       -340.711914
    1847402.125000     565983.062500       -324.814819       -324.814819
