# Model:	C:/Users/tmenotti/Documents/STANFORD/RESEARCH/NEW_SALINAS/MODELS/PM2011/SALINAS/pm3d/02_E_SALINAS
# Data Access:	Top
# Event:	09_EAST_SURF
# X, Y Unit:	meter
# Depth Unit:	meter
# Layer:	07_EAST_MONT
# Overlay:	Depth
# Overlay Unit:	meter
#
#
#                X                 Y                 Z             Value
    1825061.750000     561296.625000       -486.484863       -486.484863
    1825170.750000     561318.062500       -503.593353       -503.593353
    1825471.250000     561377.187500       -478.625031       -478.625031
    1825771.625000     561436.250000       -405.986908       -405.986908
    1826072.125000     561495.375000       -368.993042       -368.993042
    1826372.500000     561554.437500       -351.181549       -351.181549
    1826564.250000     561592.187500       -318.552490       -318.552490
    1826672.875000     561613.562500       -303.365936       -303.365936
    1826973.375000     561672.625000       -255.375671       -255.375671
    1827273.750000     561731.750000       -225.400101       -225.400101
    1827574.250000     561790.812500       -205.220856       -205.220856
    1827874.625000     561849.875000       -197.214737       -197.214737
    1828090.750000     561892.437500       -167.417099       -167.417099
    1828175.000000     561909.000000       -155.057373       -155.057373
    1828475.500000     561968.062500        -79.735161        -79.735161
    1828775.875000     562027.187500        -29.971518        -29.971518
    1829076.375000     562086.250000          3.023108          3.023108
    1829376.750000     562145.375000         33.800072         33.800072
    1829617.375000     562192.687500         73.011497         73.011497
    1829677.125000     562204.437500         82.029274         82.029274
    1829977.625000     562263.562500        129.453033        129.453033
    1830278.000000     562322.625000        165.409286        165.409286
    1830578.500000     562381.687500        188.867599        188.867599
    1830669.875000     562399.687500        191.389725        191.389725
    1830878.875000     562203.750000        227.869949        227.869949
    1830890.625000     562192.687500        229.764267        229.764267
    1831179.250000     561922.000000        269.214966        269.214966
    1831210.750000     561892.437500        273.738586        273.738586
    1831479.750000     561640.250000        301.439453        301.439453
    1831531.000000     561592.187500        308.611969        308.611969
    1831780.125000     561358.500000        342.436035        342.436035
    1831851.125000     561291.875000        348.171844        348.171844
    1831927.000000     561220.687500        346.011536        346.011536
    1832080.500000     561209.812500        349.081085        349.081085
    1832381.000000     561188.625000        326.739319        326.739319
    1832681.375000     561167.375000        303.868469        303.868469
    1832981.875000     561146.125000        290.820099        290.820099
    1833282.250000     561124.875000        283.753387        283.753387
    1833582.625000     561103.625000        279.037170        279.037170
    1833883.125000     561082.375000        280.457886        280.457886
    1834183.500000     561061.125000        282.639435        282.639435
    1834484.000000     561039.937500        288.192688        288.192688
    1834784.375000     561018.687500        298.909210        298.909210
    1835084.750000     560997.437500        307.524414        307.524414
    1835103.500000     560996.125000        307.645996        307.645996
    1835385.250000     561121.062500        310.461365        310.461365
    1835685.625000     561254.375000        306.710083        306.710083
    1835770.250000     561291.875000        305.749634        305.749634
    1835986.125000     561387.625000        303.062927        303.062927
    1836286.500000     561520.937500        307.163696        307.163696
    1836447.000000     561592.187500        313.337463        313.337463
    1836586.875000     561654.187500        318.134735        318.134735
    1836887.375000     561787.500000        336.640198        336.640198
    1837123.875000     561892.437500        359.192200        359.192200
    1837187.750000     561920.812500        365.004669        365.004669
    1837488.250000     562054.062500        382.683044        382.683044
    1837788.625000     562187.375000        396.597717        396.597717
    1837800.625000     562192.687500        396.978973        396.978973
    1838089.000000     562320.625000        405.664154        405.664154
    1838389.500000     562453.937500        412.842163        412.842163
    1838402.000000     562459.500000        412.992218        412.992218
    1838406.375000     562492.937500        413.280731        413.280731
    1838444.875000     562793.250000        410.606506        410.606506
    1838483.500000     563093.500000        403.771729        403.771729
    1838522.000000     563393.750000        395.468903        395.468903
    1838560.625000     563694.000000        388.580841        388.580841
    1838599.125000     563994.312500        381.787811        381.787811
    1838637.750000     564294.562500        374.914948        374.914948
    1838676.250000     564594.812500        368.364136        368.364136
    1838689.875000     564700.875000        366.084259        366.084259
    1838714.875000     564895.062500        361.373047        361.373047
    1838753.375000     565195.375000        353.320435        353.320435
    1838792.000000     565495.625000        349.078491        349.078491
    1838830.500000     565795.875000        348.133881        348.133881
    1838869.125000     566096.125000        347.937225        347.937225
    1838907.625000     566396.437500        345.535492        345.535492
    1838946.250000     566696.687500        340.401276        340.401276
    1838984.750000     566996.937500        333.691406        333.691406
    1838990.375000     567040.250000        332.675934        332.675934
    1839023.250000     567297.187500        326.360657        326.360657
    1839061.875000     567597.500000        317.941162        317.941162
    1839100.375000     567897.750000        310.535889        310.535889
    1839139.000000     568198.000000        304.428284        304.428284
    1839177.500000     568498.250000        299.665588        299.665588
    1839216.125000     568798.562500        294.718048        294.718048
    1839253.875000     569092.937500        288.421295        288.421295
    1839290.750000     569078.875000        288.116821        288.116821
    1839591.125000     568964.187500        284.924683        284.924683
    1839891.625000     568849.562500        280.240082        280.240082
    1840025.250000     568798.562500        277.287476        277.287476
    1840192.000000     568734.875000        273.668549        273.668549
    1840492.375000     568620.250000        263.794556        263.794556
    1840792.875000     568505.562500        252.899948        252.899948
    1840812.000000     568498.250000        252.061935        252.061935
    1841093.250000     568390.937500        239.888153        239.888153
    1841393.750000     568276.250000        230.015182        230.015182
    1841598.750000     568198.000000        223.075089        223.075089
    1841694.125000     568161.625000        219.932861        219.932861
    1841994.500000     568046.937500        212.432510        212.432510
    1842295.000000     567932.250000        207.243881        207.243881
    1842385.500000     567897.750000        206.429733        206.429733
    1842595.375000     567817.625000        203.959412        203.959412
    1842895.875000     567702.937500        201.673706        201.673706
    1843172.250000     567597.500000        200.921844        200.921844
    1843196.250000     567588.312500        200.912781        200.912781
    1843496.625000     567473.625000        201.472595        201.472595
    1843797.125000     567359.000000        201.873169        201.873169
    1843959.000000     567297.187500        202.322205        202.322205
    1844097.500000     567244.312500        202.754028        202.754028
    1844398.000000     567129.687500        203.756500        203.756500
    1844698.375000     567015.000000        204.739609        204.739609
    1844745.750000     566996.937500        204.923828        204.923828
    1844998.750000     566900.375000        205.656235        205.656235
    1845299.250000     566785.687500        206.603409        206.603409
    1845532.500000     566696.687500        204.902496        204.902496
    1845599.625000     566671.062500        204.371750        204.371750
    1845900.125000     566556.375000        195.277771        195.277771
    1846200.500000     566441.750000        181.402618        181.402618
    1846319.125000     566396.437500        176.837112        176.837112
    1846500.875000     566327.062500        170.067612        170.067612
    1846801.375000     566212.375000        165.022461        165.022461
    1847101.750000     566097.750000        163.964386        163.964386
    1847105.875000     566096.125000        163.951477        163.951477
    1847402.125000     565983.062500        162.740585        162.740585
    1847571.375000     565918.500000        161.091309        161.091309
