1.85162e+006 531050 1002
1.8488e+006 536701 1095
1.85133e+006 543009 1395
1.84484e+006 546453 1241
1.84906e+006 551350 971
1.8445e+006 553706 1285
1.84033e+006 561712 909
1.83854e+006 562522 1669
1.83674e+006 564159 1006
1.83269e+006 569673 534
1.8308e+006 572445 616
1.82993e+006 574040 645
1.82702e+006 577928 692
1.82528e+006 579494 371
1.82369e+006 581202 292
1.81601e+006 585920 788
1.81229e+006 590275 647
1.81032e+006 592091 844
1.80505e+006 598523 631
1.79845e+006 606146 959
1.79695e+006 607884 1406
1.79472e+006 608888 1023
1.79334e+006 611762 1729
1.79234e+006 613890 1743
1.82536e+006 561371 3142
1.82878e+006 555495 2711
1.83122e+006 551437 1762
1.8282e+006 565625 3009
1.8308e+006 568295 854
1.83668e+006 570771 583
1.8388e+006 570622 573
1.84305e+006 571374 685
1.8176e+006 574356 1342
1.82186e+006 576451 1584
1.82105e+006 578585 1166
1.82214e+006 580795 178
1.81046e+006 586087 1803
1.80814e+006 590994 801
1.80884e+006 591702 596
1.79668e+006 605878 784
1.79773e+006 605995 746
1.80017e+006 600257 1626
1.80561e+006 595330 1092
1.80604e+006 592584 1388
1.84912e+006 549173 1554
1.85494e+006 545579 1836
1.86799e+006 543328 1922
1.85047e+006 555457 1251
1.86063e+006 551198 1467
1.86359e+006 545989 1894
1.86932e+006 537086 1433
1.86895e+006 528912 884
1.79078e+006 608665 1836
