1.85047e+006 555457 984
1.79087e+006 606416 -14
1.81221e+006 570714 341
1.81728e+006 571133 -438
1.8282e+006 565625 1513
1.79653e+006 600260 762
1.80017e+006 600257 447
1.80604e+006 592584 393
1.81601e+006 585920 83
1.82191e+006 564203 120
1.82536e+006 561371 879
1.82186e+006 576451 -137
1.80898e+006 574794 82
1.83172e+006 562147 2049
1.8352e+006 561080 1248
1.83152e+006 563222 1901
1.84906e+006 551350 555
1.85067e+006 525689 -352
1.86799e+006 543328 1620
1.85162e+006 531050 467
1.86895e+006 528912 493
1.84484e+006 546453 933
1.83122e+006 551437 19
1.86932e+006 537086 1246
