1.829e+006 571261 770
1.82936e+006 556708 893
1.8445e+006 553706 1179
1.85047e+006 555457 1055
1.83697e+006 553498 1317
1.81046e+006 586087 769
1.79087e+006 606416 1187
1.84733e+006 553910 1054
1.81657e+006 577164 81
1.8282e+006 565625 2580
1.79653e+006 600260 1950
1.81877e+006 583006 139
1.82105e+006 578585 1034
1.82649e+006 572521 937
1.8281e+006 571470 1585
1.80604e+006 592584 969
1.79078e+006 608665 1212
1.78586e+006 607602 291
1.82536e+006 561371 2878
1.82186e+006 576451 208
1.82878e+006 555495 439
1.80832e+006 580191 165
1.80198e+006 589299 102
1.83165e+006 562419 2589
1.83521e+006 561089 1639
1.84906e+006 551350 891
1.85133e+006 543009 1305
1.85162e+006 531050 695
1.86895e+006 528912 685
1.84484e+006 546453 1161
1.83122e+006 551437 720
