1.8284e+006 573760 567
1.829e+006 571261 122
1.82931e+006 571290 537
1.82936e+006 556708 -2
1.81032e+006 592091 83
1.81058e+006 579190 138
1.79668e+006 605878 -28
1.8445e+006 553706 -10
1.85047e+006 555457 807
1.83697e+006 553498 656
1.81439e+006 568257 207
1.81221e+006 570714 335
1.8176e+006 574356 -462
1.82947e+006 569761 174
1.8282e+006 565625 1499
1.79653e+006 600260 563
1.84758e+006 565911 311
1.8241e+006 576033 -183
1.82105e+006 578585 -246
1.82649e+006 572521 -404
1.82766e+006 571337 -234
1.8281e+006 571470 -76
1.80604e+006 592584 225
1.81187e+006 575020 -414
1.81797e+006 567215 -374
1.80578e+006 596289 280
1.80561e+006 595330 461
1.82536e+006 561371 -313
1.82878e+006 555495 -83
1.8136e+006 574084 -318
1.812e+006 572060 470
1.8076e+006 572174 615
1.80198e+006 589299 -228
1.80052e+006 598497 -61
1.83468e+006 561032 1210
1.84906e+006 551350 80
1.86332e+006 550036 332
1.87229e+006 534751 1105
1.86799e+006 543328 1559
1.84914e+006 524101 238
1.86549e+006 549458 217
1.85162e+006 531050 357
1.86895e+006 528912 -71
1.83122e+006 551437 -137
1.81734e+006 571334 243
