1.8284e+006 573760 567
1.83697e+006 553498 656
1.81046e+006 586087 2
1.81439e+006 568257 172
1.80649e+006 575686 -145
1.81221e+006 570714 335
1.84733e+006 553910 400
1.83898e+006 565945 348
1.80287e+006 577089 -196
1.80604e+006 592584 77
1.812e+006 572060 470
1.8076e+006 572174 615
1.86464e+006 557787 -361
1.80478e+006 579237 260
1.86625e+006 523369 -373
1.84906e+006 551350 -109
1.86607e+006 548595 -391
1.86879e+006 530360 78
1.86063e+006 551198 347
1.84176e+006 530969 -413
1.87229e+006 534751 680
1.86799e+006 543328 892
1.84914e+006 524101 238
1.86549e+006 549458 -328
1.84912e+006 549173 964
1.85494e+006 545579 1023
1.88442e+006 524661 400
